After Sleep 10
Init
Light Green
Light Off All
While Start 10

0 : Input started

Input finished
1,-1655
3,-1646
5,-1639
7,-1635
9,-1633
11,-1631
13,-1626
15,-1621
17,-1614
19,-1608
21,-1601
23,-1594
25,-1588
27,-1585
29,-1581
31,-1577
33,-1574
35,-1571
37,-1568
39,-1567
41,-1569
43,-1572
45,-1580
47,-1588
49,-1595
51,-1602
53,-1607
55,-1611
57,-1616
59,-1623
61,-1631
63,-1640
65,-1649
67,-1656
69,-1665
71,-1674
73,-1684
75,-1695
77,-1704
79,-1709
81,-1713
83,-1716
85,-1720
87,-1723
89,-1727
91,-1734
93,-1743
95,-1749
97,-1756
99,-1762
101,-1767
103,-1769
105,-1771
107,-1772
109,-1774
111,-1776
113,-1778
115,-1776
117,-1772
119,-1764
121,-1757
123,-1750
125,-1745
127,-1741
129,-1733
131,-1725
133,-1715
135,-1703
137,-1692
139,-1685
141,-1677
143,-1669
145,-1662
147,-1653
149,-1644
151,-1638
153,-1634
155,-1632
157,-1631
159,-1628
161,-1622
163,-1616
165,-1609
167,-1602
169,-1595
171,-1590
173,-1584
175,-1580
177,-1577
179,-1573
181,-1572
183,-1569
185,-1568
187,-1570
189,-1573
191,-1580
193,-1588
195,-1595
197,-1601
199,-1606
201,-1610
203,-1616
205,-1623
207,-1631
209,-1639
211,-1649
213,-1657
215,-1664
217,-1672
219,-1681
221,-1691
223,-1700
225,-1705
227,-1708
229,-1710
231,-1713
233,-1716
235,-1720
237,-1726
239,-1732
241,-1739
243,-1745
245,-1750
247,-1755
249,-1759
251,-1761
253,-1763
255,-1765
257,-1767
259,-1768
261,-1767
263,-1763
265,-1757
267,-1749
269,-1741
271,-1737
273,-1732
275,-1726
277,-1718
279,-1708
281,-1697
283,-1688
285,-1681
287,-1673
289,-1666
291,-1659
293,-1651
295,-1643
297,-1635
299,-1630
301,-1628
303,-1627
305,-1625
307,-1621
309,-1615
311,-1608
313,-1602
315,-1595
317,-1590
319,-1586
321,-1582
323,-1578
325,-1575
327,-1573
329,-1571
331,-1570
333,-1570
335,-1574
337,-1581
339,-1590
341,-1597
343,-1603
345,-1609
347,-1614
349,-1620
351,-1627
353,-1634
355,-1643
357,-1651
359,-1658
361,-1667
363,-1676
365,-1686
367,-1696
369,-1706
371,-1712
373,-1715
375,-1717
377,-1720
379,-1723
381,-1727
383,-1732
385,-1740
387,-1747
389,-1753
391,-1758
393,-1764
395,-1768
397,-1770
399,-1772
401,-1775
403,-1777
405,-1777
407,-1775
409,-1770
411,-1763
413,-1757
415,-1751
417,-1746
419,-1742
421,-1735
423,-1727
425,-1718
427,-1706
429,-1697
431,-1688
433,-1681
435,-1673
437,-1666
439,-1659
441,-1651
443,-1643
445,-1638
447,-1635
449,-1633
451,-1631
453,-1625
455,-1619
457,-1612
459,-1606
461,-1599
463,-1594
465,-1590
467,-1586
469,-1584
471,-1580
473,-1577
475,-1575
477,-1573
479,-1574
481,-1578
483,-1584
485,-1592
487,-1599
489,-1605
491,-1610
493,-1616
495,-1621
497,-1627
499,-1634
501,-1643
503,-1651
505,-1658
507,-1665
509,-1675
511,-1685
513,-1695
515,-1704
517,-1709
519,-1712
521,-1714
523,-1717
525,-1719
527,-1723
529,-1729
531,-1736
533,-1744
535,-1751
537,-1757
539,-1762
541,-1765
543,-1767
545,-1769
547,-1772
549,-1774
551,-1776
553,-1776
555,-1772
557,-1765
559,-1758
561,-1753
563,-1748
565,-1744
567,-1739
569,-1730
571,-1720
573,-1709
575,-1698
577,-1691
579,-1685
581,-1678
583,-1671
585,-1663
587,-1655
589,-1647
591,-1642
593,-1640
595,-1638
597,-1635
599,-1630
601,-1624
603,-1618
605,-1611
607,-1604
609,-1599
611,-1594
613,-1589
615,-1584
617,-1581
619,-1578
621,-1576
623,-1575
625,-1574
627,-1577
629,-1584
631,-1591
633,-1598
635,-1605
637,-1610
639,-1615
641,-1621
643,-1625
645,-1633
647,-1641
649,-1649
651,-1658
653,-1665
655,-1673
657,-1684
659,-1695
661,-1703
663,-1711
665,-1715
667,-1717
669,-1720
671,-1722
673,-1725
675,-1729
677,-1736
679,-1742
681,-1750
683,-1757
685,-1762
687,-1766
689,-1769
691,-1771
693,-1773
695,-1774
697,-1774
699,-1773
701,-1768
703,-1760
705,-1752
707,-1747
709,-1744
711,-1740
713,-1734
715,-1726
717,-1715
719,-1704
721,-1694
723,-1686
725,-1680
727,-1672
729,-1665
731,-1657
733,-1649
735,-1643
737,-1638
739,-1636
741,-1634
743,-1631
745,-1626
747,-1620
749,-1614
751,-1607
753,-1601
755,-1596
757,-1592
759,-1587
761,-1583
763,-1580
765,-1578
767,-1576
769,-1575
771,-1575
773,-1579
775,-1586
777,-1593
779,-1599
781,-1606
783,-1610
785,-1614
787,-1619
789,-1624
791,-1631
793,-1640
795,-1649
797,-1656
799,-1664
801,-1673
803,-1683
805,-1693
807,-1701
809,-1708
811,-1712
813,-1713
815,-1716
817,-1717
819,-1719
821,-1724
823,-1732
825,-1739
827,-1745
829,-1752
831,-1757
833,-1761
835,-1763
837,-1765
839,-1766
841,-1768
843,-1770
845,-1769
847,-1765
849,-1758
851,-1750
853,-1744
855,-1739
857,-1735
859,-1730
861,-1722
863,-1712
865,-1701
867,-1689
869,-1682
871,-1676
873,-1668
875,-1660
877,-1652
879,-1644
881,-1637
883,-1631
885,-1628
887,-1627
889,-1624
891,-1620
893,-1614
895,-1606
897,-1599
899,-1593
901,-1588
903,-1583
905,-1579
907,-1575
909,-1572
911,-1568
913,-1566
915,-1563
917,-1563
919,-1568
921,-1575
923,-1583
925,-1590
927,-1596
929,-1602
931,-1606
933,-1611
935,-1618
937,-1625
939,-1634
941,-1643
943,-1650
945,-1658
947,-1666
949,-1676
951,-1687
953,-1696
955,-1704
957,-1708
959,-1710
961,-1712
963,-1717
965,-1720
967,-1726
969,-1733
971,-1741
973,-1747
975,-1752
977,-1757
979,-1762
981,-1765
983,-1767
985,-1769
987,-1771
989,-1772
991,-1772
993,-1769
995,-1763
997,-1755
999,-1748
1001,-1743
1003,-1739
1005,-1733
1007,-1725
1009,-1716
1011,-1705
1013,-1695
1015,-1686
1017,-1678
1019,-1671
1021,-1665
1023,-1657
1025,-1648
1027,-1641
1029,-1635
1031,-1631
1033,-1629
1035,-1627
1037,-1623
1039,-1617
1041,-1611
1043,-1606
1045,-1599
1047,-1592
1049,-1587
1051,-1583
1053,-1580
1055,-1577
1057,-1574
1059,-1572
1061,-1571
1063,-1572
1065,-1574
1067,-1579
1069,-1588
1071,-1597
1073,-1604
1075,-1609
1077,-1612
1079,-1616
1081,-1623
1083,-1630
1085,-1638
1087,-1647
1089,-1656
1091,-1664
1093,-1671
1095,-1681
1097,-1691
1099,-1701
1101,-1708
1103,-1712
1105,-1714
1107,-1717
1109,-1720
1111,-1723
1113,-1728
1115,-1734
1117,-1741
1119,-1749
1121,-1755
1123,-1759
1125,-1762
1127,-1765
1129,-1767
1131,-1769
1133,-1772
1135,-1774
1137,-1773
1139,-1770
1141,-1763
1143,-1754
1145,-1748
1147,-1743
1149,-1739
1151,-1734
1153,-1726
1155,-1716
1157,-1704
1159,-1693
1161,-1684
1163,-1677
1165,-1670
1167,-1663
1169,-1654
1171,-1645
1173,-1637
1175,-1631
1177,-1628
1179,-1627
1181,-1625
1183,-1620
1185,-1614
1187,-1607
1189,-1601
1191,-1595
1193,-1589
1195,-1584
1197,-1580
1199,-1576
1201,-1574
1203,-1570
1205,-1566
1207,-1566
1209,-1567
1211,-1569
1213,-1576
1215,-1584
1217,-1593
1219,-1600
1221,-1606
1223,-1610
1225,-1616
1227,-1622
1229,-1629
1231,-1637
1233,-1645
1235,-1654
1237,-1662
1239,-1670
1241,-1680
1243,-1691
1245,-1700
1247,-1707
1249,-1712
1251,-1714
1253,-1716
1255,-1719
1257,-1723
1259,-1729
1261,-1736
1263,-1743
1265,-1749
1267,-1756
1269,-1761
1271,-1764
1273,-1766
1275,-1768
1277,-1770
1279,-1772
1281,-1774
1283,-1774
1285,-1772
1287,-1766
1289,-1758
1291,-1751
1293,-1745
1295,-1739
1297,-1734
1299,-1727
1301,-1718
1303,-1707
1305,-1696
1307,-1689
1309,-1681
1311,-1673
1313,-1666
1315,-1657
1317,-1648
1319,-1641
1321,-1635
1323,-1632
1325,-1632
1327,-1629
1329,-1624
1331,-1619
1333,-1613
1335,-1607
1337,-1600
1339,-1593
1341,-1589
1343,-1585
1345,-1580
1347,-1577
1349,-1575
1351,-1573
1353,-1572
1355,-1571
1357,-1573
1359,-1580
1361,-1588
1363,-1597
1365,-1604
1367,-1609
1369,-1613
1371,-1617
1373,-1623
1375,-1631
1377,-1640
1379,-1647
1381,-1655
1383,-1663
1385,-1670
1387,-1679
1389,-1689
1391,-1699
1393,-1706
1395,-1710
1397,-1713
1399,-1714
1401,-1715
1403,-1720
1405,-1727
1407,-1734
1409,-1741
1411,-1747
1413,-1753
1415,-1758
1417,-1762
1419,-1765
1421,-1767
1423,-1769
1425,-1771
1427,-1773
1429,-1773
1431,-1770
1433,-1764
1435,-1756
1437,-1748
1439,-1742
1441,-1738
1443,-1733
1445,-1725
1447,-1717
1449,-1707
1451,-1694
1453,-1685
1455,-1677
1457,-1670
1459,-1663
1461,-1654
1463,-1645
1465,-1637
1467,-1631
1469,-1628
1471,-1627
1473,-1624
1475,-1620
1477,-1614
1479,-1608
1481,-1601
1483,-1594
1485,-1588
1487,-1583
1489,-1578
1491,-1575
1493,-1572
1495,-1568
1497,-1566
1499,-1566
1501,-1565
1503,-1567
1505,-1573
1507,-1582
1509,-1589
1511,-1596
1513,-1601
1515,-1605
1517,-1610
1519,-1615
1521,-1623
1523,-1631
1525,-1640
1527,-1649
1529,-1657
1531,-1666
1533,-1676
1535,-1686
1537,-1697
1539,-1703
1541,-1708
1543,-1712
1545,-1714
1547,-1716
1549,-1721
1551,-1726
1553,-1733
1555,-1741
1557,-1748
1559,-1755
1561,-1760
1563,-1765
1565,-1767
1567,-1769
1569,-1772
1571,-1775
1573,-1777
1575,-1777
1577,-1774
1579,-1768
1581,-1760
1583,-1753
1585,-1748
1587,-1744
1589,-1738
1591,-1731
1593,-1721
1595,-1711
1597,-1699
1599,-1690
1601,-1682
1603,-1676
1605,-1667
1607,-1658
1609,-1650
1611,-1643
1613,-1637
1615,-1634
1617,-1632
1619,-1631
1621,-1627
1623,-1620
1625,-1612
1627,-1606
1629,-1601
1631,-1595
1633,-1589
1635,-1585
1637,-1581
1639,-1577
1641,-1575
1643,-1572
1645,-1571
1647,-1571
1649,-1573
1651,-1579
1653,-1586
1655,-1594
1657,-1601
1659,-1606
1661,-1610
1663,-1615
1665,-1622
1667,-1629
1669,-1637
1671,-1646
1673,-1655
1675,-1661
1677,-1669
1679,-1678
1681,-1689
1683,-1700
1685,-1708
1687,-1711
1689,-1713
1691,-1715
1693,-1717
1695,-1720
1697,-1725
1699,-1732
1701,-1739
1703,-1745
1705,-1752
1707,-1757
1709,-1760
1711,-1763
1713,-1764
1715,-1766
1717,-1769
1719,-1771
1721,-1770
1723,-1766
1725,-1761
1727,-1753
1729,-1746
1731,-1740
1733,-1736
1735,-1730
1737,-1723
1739,-1714
1741,-1704
1743,-1694
1745,-1684
1747,-1675
1749,-1668
1751,-1662
1753,-1655
1755,-1646
1757,-1639
1759,-1633
1761,-1630
1763,-1628
1765,-1626
1767,-1623
1769,-1618
1771,-1611
1773,-1605
1775,-1599
1777,-1593
1779,-1588
1781,-1584
1783,-1581
1785,-1579
1787,-1575
1789,-1572
1791,-1569
1793,-1567
1795,-1569
1797,-1575
1799,-1584
1801,-1593
1803,-1600
1805,-1605
1807,-1609
1809,-1613
1811,-1619
1813,-1625
1815,-1634
1817,-1643
1819,-1652
1821,-1659
1823,-1666
1825,-1675
1827,-1687
1829,-1698
1831,-1707
1833,-1711
1835,-1711
1837,-1712
1839,-1714
1841,-1718
1843,-1724
1845,-1731
1847,-1738
1849,-1745
1851,-1751
1853,-1756
1855,-1761
1857,-1765
1859,-1767
1861,-1768
1863,-1769
1865,-1771
1867,-1771
1869,-1768
1871,-1763
1873,-1757
1875,-1751
1877,-1745
1879,-1740
1881,-1737
1883,-1730
1885,-1720
1887,-1709
1889,-1698
1891,-1688
1893,-1680
1895,-1673
1897,-1667
1899,-1660
1901,-1652
1903,-1644
1905,-1638
1907,-1634
1909,-1632
1911,-1629
1913,-1626
1915,-1620
1917,-1614
1919,-1608
1921,-1601
1923,-1596
1925,-1592
1927,-1587
1929,-1582
1931,-1579
1933,-1576
1935,-1573
1937,-1572
1939,-1570
1941,-1572
1943,-1577
1945,-1585
1947,-1593
1949,-1600
1951,-1606
1953,-1609
1955,-1613
1957,-1620
1959,-1626
1961,-1632
1963,-1640
1965,-1648
1967,-1656
1969,-1665
1971,-1675
1973,-1685
1975,-1695
1977,-1702
1979,-1707
1981,-1708
1983,-1709
1985,-1711
1987,-1714
1989,-1719
1991,-1726
1993,-1734
1995,-1740
1997,-1745
1999,-1751

Data Start: 
-1655.00000,-1646.00000,-1639.00000,-1635.00000,-1633.00000,-1631.00000,-1626.00000,-1621.00000,-1614.00000,-1608.00000,-1601.00000,-1594.00000,-1588.00000,-1585.00000,-1581.00000,-1577.00000,-1574.00000,-1571.00000,-1568.00000,-1567.00000,-1569.00000,-1572.00000,-1580.00000,-1588.00000,-1595.00000,-1602.00000,-1607.00000,-1611.00000,-1616.00000,-1623.00000,-1631.00000,-1640.00000,-1649.00000,-1656.00000,-1665.00000,-1674.00000,-1684.00000,-1695.00000,-1704.00000,-1709.00000,-1713.00000,-1716.00000,-1720.00000,-1723.00000,-1727.00000,-1734.00000,-1743.00000,-1749.00000,-1756.00000,-1762.00000,-1767.00000,-1769.00000,-1771.00000,-1772.00000,-1774.00000,-1776.00000,-1778.00000,-1776.00000,-1772.00000,-1764.00000,-1757.00000,-1750.00000,-1745.00000,-1741.00000,-1733.00000,-1725.00000,-1715.00000,-1703.00000,-1692.00000,-1685.00000,-1677.00000,-1669.00000,-1662.00000,-1653.00000,-1644.00000,-1638.00000,-1634.00000,-1632.00000,-1631.00000,-1628.00000,-1622.00000,-1616.00000,-1609.00000,-1602.00000,-1595.00000,-1590.00000,-1584.00000,-1580.00000,-1577.00000,-1573.00000,-1572.00000,-1569.00000,-1568.00000,-1570.00000,-1573.00000,-1580.00000,-1588.00000,-1595.00000,-1601.00000,-1606.00000,-1610.00000,-1616.00000,-1623.00000,-1631.00000,-1639.00000,-1649.00000,-1657.00000,-1664.00000,-1672.00000,-1681.00000,-1691.00000,-1700.00000,-1705.00000,-1708.00000,-1710.00000,-1713.00000,-1716.00000,-1720.00000,-1726.00000,-1732.00000,-1739.00000,-1745.00000,-1750.00000,-1755.00000,-1759.00000,-1761.00000,-1763.00000,-1765.00000,-1767.00000,-1768.00000,-1767.00000,-1763.00000,-1757.00000,-1749.00000,-1741.00000,-1737.00000,-1732.00000,-1726.00000,-1718.00000,-1708.00000,-1697.00000,-1688.00000,-1681.00000,-1673.00000,-1666.00000,-1659.00000,-1651.00000,-1643.00000,-1635.00000,-1630.00000,-1628.00000,-1627.00000,-1625.00000,-1621.00000,-1615.00000,-1608.00000,-1602.00000,-1595.00000,-1590.00000,-1586.00000,-1582.00000,-1578.00000,-1575.00000,-1573.00000,-1571.00000,-1570.00000,-1570.00000,-1574.00000,-1581.00000,-1590.00000,-1597.00000,-1603.00000,-1609.00000,-1614.00000,-1620.00000,-1627.00000,-1634.00000,-1643.00000,-1651.00000,-1658.00000,-1667.00000,-1676.00000,-1686.00000,-1696.00000,-1706.00000,-1712.00000,-1715.00000,-1717.00000,-1720.00000,-1723.00000,-1727.00000,-1732.00000,-1740.00000,-1747.00000,-1753.00000,-1758.00000,-1764.00000,-1768.00000,-1770.00000,-1772.00000,-1775.00000,-1777.00000,-1777.00000,-1775.00000,-1770.00000,-1763.00000,-1757.00000,-1751.00000,-1746.00000,-1742.00000,-1735.00000,-1727.00000,-1718.00000,-1706.00000,-1697.00000,-1688.00000,-1681.00000,-1673.00000,-1666.00000,-1659.00000,-1651.00000,-1643.00000,-1638.00000,-1635.00000,-1633.00000,-1631.00000,-1625.00000,-1619.00000,-1612.00000,-1606.00000,-1599.00000,-1594.00000,-1590.00000,-1586.00000,-1584.00000,-1580.00000,-1577.00000,-1575.00000,-1573.00000,-1574.00000,-1578.00000,-1584.00000,-1592.00000,-1599.00000,-1605.00000,-1610.00000,-1616.00000,-1621.00000,-1627.00000,-1634.00000,-1643.00000,-1651.00000,-1658.00000,-1665.00000,-1675.00000,-1685.00000,-1695.00000,-1704.00000,-1709.00000,-1712.00000,-1714.00000,-1717.00000,-1719.00000,-1723.00000,-1729.00000,-1736.00000,-1744.00000,-1751.00000,-1757.00000,-1762.00000,-1765.00000,-1767.00000,-1769.00000,-1772.00000,-1774.00000,-1776.00000,-1776.00000,-1772.00000,-1765.00000,-1758.00000,-1753.00000,-1748.00000,-1744.00000,-1739.00000,-1730.00000,-1720.00000,-1709.00000,-1698.00000,-1691.00000,-1685.00000,-1678.00000,-1671.00000,-1663.00000,-1655.00000,-1647.00000,-1642.00000,-1640.00000,-1638.00000,-1635.00000,-1630.00000,-1624.00000,-1618.00000,-1611.00000,-1604.00000,-1599.00000,-1594.00000,-1589.00000,-1584.00000,-1581.00000,-1578.00000,-1576.00000,-1575.00000,-1574.00000,-1577.00000,-1584.00000,-1591.00000,-1598.00000,-1605.00000,-1610.00000,-1615.00000,-1621.00000,-1625.00000,-1633.00000,-1641.00000,-1649.00000,-1658.00000,-1665.00000,-1673.00000,-1684.00000,-1695.00000,-1703.00000,-1711.00000,-1715.00000,-1717.00000,-1720.00000,-1722.00000,-1725.00000,-1729.00000,-1736.00000,-1742.00000,-1750.00000,-1757.00000,-1762.00000,-1766.00000,-1769.00000,-1771.00000,-1773.00000,-1774.00000,-1774.00000,-1773.00000,-1768.00000,-1760.00000,-1752.00000,-1747.00000,-1744.00000,-1740.00000,-1734.00000,-1726.00000,-1715.00000,-1704.00000,-1694.00000,-1686.00000,-1680.00000,-1672.00000,-1665.00000,-1657.00000,-1649.00000,-1643.00000,-1638.00000,-1636.00000,-1634.00000,-1631.00000,-1626.00000,-1620.00000,-1614.00000,-1607.00000,-1601.00000,-1596.00000,-1592.00000,-1587.00000,-1583.00000,-1580.00000,-1578.00000,-1576.00000,-1575.00000,-1575.00000,-1579.00000,-1586.00000,-1593.00000,-1599.00000,-1606.00000,-1610.00000,-1614.00000,-1619.00000,-1624.00000,-1631.00000,-1640.00000,-1649.00000,-1656.00000,-1664.00000,-1673.00000,-1683.00000,-1693.00000,-1701.00000,-1708.00000,-1712.00000,-1713.00000,-1716.00000,-1717.00000,-1719.00000,-1724.00000,-1732.00000,-1739.00000,-1745.00000,-1752.00000,-1757.00000,-1761.00000,-1763.00000,-1765.00000,-1766.00000,-1768.00000,-1770.00000,-1769.00000,-1765.00000,-1758.00000,-1750.00000,-1744.00000,-1739.00000,-1735.00000,-1730.00000,-1722.00000,-1712.00000,-1701.00000,-1689.00000,-1682.00000,-1676.00000,-1668.00000,-1660.00000,-1652.00000,-1644.00000,-1637.00000,-1631.00000,-1628.00000,-1627.00000,-1624.00000,-1620.00000,-1614.00000,-1606.00000,-1599.00000,-1593.00000,-1588.00000,-1583.00000,-1579.00000,-1575.00000,-1572.00000,-1568.00000,-1566.00000,-1563.00000,-1563.00000,-1568.00000,-1575.00000,-1583.00000,-1590.00000,-1596.00000,-1602.00000,-1606.00000,-1611.00000,-1618.00000,-1625.00000,-1634.00000,-1643.00000,-1650.00000,-1658.00000,-1666.00000,-1676.00000,-1687.00000,-1696.00000,-1704.00000,-1708.00000,-1710.00000,-1712.00000,-1717.00000,-1720.00000,-1726.00000,-1733.00000,-1741.00000,-1747.00000,-1752.00000,-1757.00000,-1762.00000,-1765.00000,-1767.00000,-1769.00000,-1771.00000,-1772.00000,-1772.00000,-1769.00000,-1763.00000,-1755.00000,-1748.00000,-1743.00000,-1739.00000,-1733.00000,-1725.00000,-1716.00000,-1705.00000,-1695.00000,-1686.00000,-1678.00000,-1671.00000,-1665.00000,-1657.00000,-1648.00000,-1641.00000,-1635.00000,-1631.00000,-1629.00000,-1627.00000,-1623.00000,-1617.00000,-1611.00000,-1606.00000,-1599.00000,-1592.00000,-1587.00000,-1583.00000,-1580.00000,-1577.00000,-1574.00000,-1572.00000,-1571.00000,-1572.00000,-1574.00000,-1579.00000,-1588.00000,-1597.00000,-1604.00000,-1609.00000,-1612.00000,-1616.00000,-1623.00000,-1630.00000,-1638.00000,-1647.00000,-1656.00000,-1664.00000,-1671.00000,-1681.00000,-1691.00000,-1701.00000,-1708.00000,-1712.00000,-1714.00000,-1717.00000,-1720.00000,-1723.00000,-1728.00000,-1734.00000,-1741.00000,-1749.00000,-1755.00000,-1759.00000,-1762.00000,-1765.00000,-1767.00000,-1769.00000,-1772.00000,-1774.00000,-1773.00000,-1770.00000,-1763.00000,-1754.00000,-1748.00000,-1743.00000,-1739.00000,-1734.00000,-1726.00000,-1716.00000,-1704.00000,-1693.00000,-1684.00000,-1677.00000,-1670.00000,-1663.00000,-1654.00000,-1645.00000,-1637.00000,-1631.00000,-1628.00000,-1627.00000,-1625.00000,-1620.00000,-1614.00000,-1607.00000,-1601.00000,-1595.00000,-1589.00000,-1584.00000,-1580.00000,-1576.00000,-1574.00000,-1570.00000,-1566.00000,-1566.00000,-1567.00000,-1569.00000,-1576.00000,-1584.00000,-1593.00000,-1600.00000,-1606.00000,-1610.00000,-1616.00000,-1622.00000,-1629.00000,-1637.00000,-1645.00000,-1654.00000,-1662.00000,-1670.00000,-1680.00000,-1691.00000,-1700.00000,-1707.00000,-1712.00000,-1714.00000,-1716.00000,-1719.00000,-1723.00000,-1729.00000,-1736.00000,-1743.00000,-1749.00000,-1756.00000,-1761.00000,-1764.00000,-1766.00000,-1768.00000,-1770.00000,-1772.00000,-1774.00000,-1774.00000,-1772.00000,-1766.00000,-1758.00000,-1751.00000,-1745.00000,-1739.00000,-1734.00000,-1727.00000,-1718.00000,-1707.00000,-1696.00000,-1689.00000,-1681.00000,-1673.00000,-1666.00000,-1657.00000,-1648.00000,-1641.00000,-1635.00000,-1632.00000,-1632.00000,-1629.00000,-1624.00000,-1619.00000,-1613.00000,-1607.00000,-1600.00000,-1593.00000,-1589.00000,-1585.00000,-1580.00000,-1577.00000,-1575.00000,-1573.00000,-1572.00000,-1571.00000,-1573.00000,-1580.00000,-1588.00000,-1597.00000,-1604.00000,-1609.00000,-1613.00000,-1617.00000,-1623.00000,-1631.00000,-1640.00000,-1647.00000,-1655.00000,-1663.00000,-1670.00000,-1679.00000,-1689.00000,-1699.00000,-1706.00000,-1710.00000,-1713.00000,-1714.00000,-1715.00000,-1720.00000,-1727.00000,-1734.00000,-1741.00000,-1747.00000,-1753.00000,-1758.00000,-1762.00000,-1765.00000,-1767.00000,-1769.00000,-1771.00000,-1773.00000,-1773.00000,-1770.00000,-1764.00000,-1756.00000,-1748.00000,-1742.00000,-1738.00000,-1733.00000,-1725.00000,-1717.00000,-1707.00000,-1694.00000,-1685.00000,-1677.00000,-1670.00000,-1663.00000,-1654.00000,-1645.00000,-1637.00000,-1631.00000,-1628.00000,-1627.00000,-1624.00000,-1620.00000,-1614.00000,-1608.00000,-1601.00000,-1594.00000,-1588.00000,-1583.00000,-1578.00000,-1575.00000,-1572.00000,-1568.00000,-1566.00000,-1566.00000,-1565.00000,-1567.00000,-1573.00000,-1582.00000,-1589.00000,-1596.00000,-1601.00000,-1605.00000,-1610.00000,-1615.00000,-1623.00000,-1631.00000,-1640.00000,-1649.00000,-1657.00000,-1666.00000,-1676.00000,-1686.00000,-1697.00000,-1703.00000,-1708.00000,-1712.00000,-1714.00000,-1716.00000,-1721.00000,-1726.00000,-1733.00000,-1741.00000,-1748.00000,-1755.00000,-1760.00000,-1765.00000,-1767.00000,-1769.00000,-1772.00000,-1775.00000,-1777.00000,-1777.00000,-1774.00000,-1768.00000,-1760.00000,-1753.00000,-1748.00000,-1744.00000,-1738.00000,-1731.00000,-1721.00000,-1711.00000,-1699.00000,-1690.00000,-1682.00000,-1676.00000,-1667.00000,-1658.00000,-1650.00000,-1643.00000,-1637.00000,-1634.00000,-1632.00000,-1631.00000,-1627.00000,-1620.00000,-1612.00000,-1606.00000,-1601.00000,-1595.00000,-1589.00000,-1585.00000,-1581.00000,-1577.00000,-1575.00000,-1572.00000,-1571.00000,-1571.00000,-1573.00000,-1579.00000,-1586.00000,-1594.00000,-1601.00000,-1606.00000,-1610.00000,-1615.00000,-1622.00000,-1629.00000,-1637.00000,-1646.00000,-1655.00000,-1661.00000,-1669.00000,-1678.00000,-1689.00000,-1700.00000,-1708.00000,-1711.00000,-1713.00000,-1715.00000,-1717.00000,-1720.00000,-1725.00000,-1732.00000,-1739.00000,-1745.00000,-1752.00000,-1757.00000,-1760.00000,-1763.00000,-1764.00000,-1766.00000,-1769.00000,-1771.00000,-1770.00000,-1766.00000,-1761.00000,-1753.00000,-1746.00000,-1740.00000,-1736.00000,-1730.00000,-1723.00000,-1714.00000,-1704.00000,-1694.00000,-1684.00000,-1675.00000,-1668.00000,-1662.00000,-1655.00000,-1646.00000,-1639.00000,-1633.00000,-1630.00000,-1628.00000,-1626.00000,-1623.00000,-1618.00000,-1611.00000,-1605.00000,-1599.00000,-1593.00000,-1588.00000,-1584.00000,-1581.00000,-1579.00000,-1575.00000,-1572.00000,-1569.00000,-1567.00000,-1569.00000,-1575.00000,-1584.00000,-1593.00000,-1600.00000,-1605.00000,-1609.00000,-1613.00000,-1619.00000,-1625.00000,-1634.00000,-1643.00000,-1652.00000,-1659.00000,-1666.00000,-1675.00000,-1687.00000,-1698.00000,-1707.00000,-1711.00000,-1711.00000,-1712.00000,-1714.00000,-1718.00000,-1724.00000,-1731.00000,-1738.00000,-1745.00000,-1751.00000,-1756.00000,-1761.00000,-1765.00000,-1767.00000,-1768.00000,-1769.00000,-1771.00000,-1771.00000,-1768.00000,-1763.00000,-1757.00000,-1751.00000,-1745.00000,-1740.00000,-1737.00000,-1730.00000,-1720.00000,-1709.00000,-1698.00000,-1688.00000,-1680.00000,-1673.00000,-1667.00000,-1660.00000,-1652.00000,-1644.00000,-1638.00000,-1634.00000,-1632.00000,-1629.00000,-1626.00000,-1620.00000,-1614.00000,-1608.00000,-1601.00000,-1596.00000,-1592.00000,-1587.00000,-1582.00000,-1579.00000,-1576.00000,-1573.00000,-1572.00000,-1570.00000,-1572.00000,-1577.00000,-1585.00000,-1593.00000,-1600.00000,-1606.00000,-1609.00000,-1613.00000,-1620.00000,-1626.00000,-1632.00000,-1640.00000,-1648.00000,-1656.00000,-1665.00000,-1675.00000,-1685.00000,-1695.00000,-1702.00000,-1707.00000,-1708.00000,-1709.00000,-1711.00000,-1714.00000,-1719.00000,-1726.00000,-1734.00000,-1740.00000,-1745.00000,-1751.00000,
Data End: 
DFT Start
DFT Finished
While Start 10

1 : Input started

Input finished
1,-1575
3,-1581
5,-1589
7,-1595
9,-1599
11,-1602
13,-1606
15,-1610
17,-1615
19,-1621
21,-1626
23,-1630
25,-1637
27,-1643
29,-1650
31,-1659
33,-1668
35,-1675
37,-1680
39,-1682
41,-1682
43,-1682
45,-1683
47,-1686
49,-1689
51,-1695
53,-1701
55,-1706
57,-1712
59,-1717
61,-1720
63,-1721
65,-1723
67,-1724
69,-1724
71,-1725
73,-1724
75,-1720
77,-1713
79,-1706
81,-1700
83,-1696
85,-1693
87,-1687
89,-1679
91,-1672
93,-1662
95,-1653
97,-1644
99,-1637
101,-1631
103,-1625
105,-1619
107,-1614
109,-1609
111,-1606
113,-1605
115,-1607
117,-1607
119,-1605
121,-1601
123,-1597
125,-1593
127,-1588
129,-1583
131,-1582
133,-1581
135,-1581
137,-1581
139,-1581
141,-1581
143,-1581
145,-1583
147,-1589
149,-1597
151,-1606
153,-1615
155,-1622
157,-1629
159,-1637
161,-1645
163,-1652
165,-1661
167,-1669
169,-1677
171,-1687
173,-1696
175,-1705
177,-1714
179,-1725
181,-1734
183,-1740
185,-1744
187,-1747
189,-1751
191,-1754
193,-1757
195,-1762
197,-1768
199,-1775
201,-1781
203,-1786
205,-1791
207,-1795
209,-1796
211,-1796
213,-1798
215,-1799
217,-1800
219,-1799
221,-1794
223,-1788
225,-1779
227,-1770
229,-1763
231,-1759
233,-1754
235,-1746
237,-1735
239,-1722
241,-1710
243,-1700
245,-1693
247,-1686
249,-1677
251,-1667
253,-1659
255,-1651
257,-1645
259,-1642
261,-1642
263,-1640
265,-1636
267,-1629
269,-1622
271,-1615
273,-1608
275,-1603
277,-1598
279,-1594
281,-1592
283,-1589
285,-1587
287,-1586
289,-1584
291,-1585
293,-1590
295,-1597
297,-1607
299,-1614
301,-1619
303,-1625
305,-1631
307,-1638
309,-1644
311,-1652
313,-1662
315,-1671
317,-1679
319,-1686
321,-1694
323,-1704
325,-1714
327,-1725
329,-1732
331,-1737
333,-1739
335,-1741
337,-1743
339,-1747
341,-1753
343,-1759
345,-1767
347,-1772
349,-1775
351,-1779
353,-1783
355,-1786
357,-1789
359,-1791
361,-1791
363,-1791
365,-1788
367,-1783
369,-1776
371,-1768
373,-1759
375,-1753
377,-1746
379,-1740
381,-1731
383,-1720
385,-1709
387,-1697
389,-1687
391,-1677
393,-1667
395,-1658
397,-1648
399,-1638
401,-1629
403,-1622
405,-1619
407,-1616
409,-1612
411,-1607
413,-1600
415,-1593
417,-1584
419,-1574
421,-1566
423,-1559
425,-1552
427,-1547
429,-1544
431,-1540
433,-1536
435,-1532
437,-1532
439,-1533
441,-1538
443,-1545
445,-1550
447,-1554
449,-1561
451,-1565
453,-1568
455,-1574
457,-1582
459,-1589
461,-1597
463,-1605
465,-1613
467,-1620
469,-1629
471,-1640
473,-1650
475,-1655
477,-1658
479,-1659
481,-1663
483,-1667
485,-1672
487,-1679
489,-1686
491,-1693
493,-1701
495,-1709
497,-1716
499,-1720
501,-1722
503,-1725
505,-1727
507,-1731
509,-1735
511,-1738
513,-1738
515,-1734
517,-1727
519,-1721
521,-1719
523,-1716
525,-1712
527,-1706
529,-1699
531,-1690
533,-1681
535,-1674
537,-1670
539,-1666
541,-1662
543,-1657
545,-1650
547,-1644
549,-1641
551,-1640
553,-1640
555,-1640
557,-1639
559,-1633
561,-1629
563,-1625
565,-1620
567,-1616
569,-1612
571,-1609
573,-1606
575,-1605
577,-1604
579,-1602
581,-1601
583,-1600
585,-1603
587,-1610
589,-1618
591,-1626
593,-1633
595,-1638
597,-1641
599,-1645
601,-1651
603,-1658
605,-1666
607,-1675
609,-1683
611,-1689
613,-1696
615,-1705
617,-1714
619,-1723
621,-1729
623,-1731
625,-1732
627,-1735
629,-1738
631,-1740
633,-1745
635,-1752
637,-1759
639,-1764
641,-1768
643,-1772
645,-1774
647,-1775
649,-1777
651,-1779
653,-1781
655,-1783
657,-1782
659,-1778
661,-1773
663,-1766
665,-1759
667,-1754
669,-1747
671,-1741
673,-1734
675,-1724
677,-1714
679,-1705
681,-1698
683,-1691
685,-1685
687,-1678
689,-1670
691,-1661
693,-1655
695,-1651
697,-1649
699,-1650
701,-1649
703,-1645
705,-1640
707,-1636
709,-1632
711,-1626
713,-1620
715,-1616
717,-1611
719,-1608
721,-1607
723,-1606
725,-1607
727,-1607
729,-1608
731,-1610
733,-1617
735,-1626
737,-1635
739,-1642
741,-1648
743,-1652
745,-1656
747,-1661
749,-1668
751,-1677
753,-1684
755,-1692
757,-1700
759,-1706
761,-1713
763,-1722
765,-1732
767,-1738
769,-1740
771,-1742
773,-1743
775,-1742
777,-1742
779,-1744
781,-1748
783,-1753
785,-1757
787,-1762
789,-1764
791,-1764
793,-1764
795,-1763
797,-1762
799,-1762
801,-1759
803,-1754
805,-1748
807,-1740
809,-1731
811,-1722
813,-1715
815,-1707
817,-1699
819,-1689
821,-1678
823,-1665
825,-1651
827,-1639
829,-1630
831,-1621
833,-1613
835,-1603
837,-1593
839,-1586
841,-1578
843,-1574
845,-1574
847,-1571
849,-1566
851,-1560
853,-1554
855,-1547
857,-1541
859,-1536
861,-1532
863,-1529
865,-1526
867,-1521
869,-1517
871,-1516
873,-1514
875,-1515
877,-1519
879,-1528
881,-1537
883,-1545
885,-1552
887,-1561
889,-1568
891,-1575
893,-1584
895,-1593
897,-1600
899,-1608
901,-1619
903,-1629
905,-1639
907,-1650
909,-1663
911,-1676
913,-1684
915,-1690
917,-1695
919,-1698
921,-1702
923,-1706
925,-1711
927,-1718
929,-1726
931,-1734
933,-1742
935,-1750
937,-1758
939,-1762
941,-1764
943,-1767
945,-1769
947,-1772
949,-1773
951,-1771
953,-1766
955,-1759
957,-1753
959,-1749
961,-1746
963,-1743
965,-1736
967,-1727
969,-1717
971,-1707
973,-1698
975,-1690
977,-1684
979,-1677
981,-1670
983,-1662
985,-1656
987,-1650
989,-1647
991,-1646
993,-1643
995,-1639
997,-1633
999,-1626
1001,-1619
1003,-1613
1005,-1607
1007,-1602
1009,-1598
1011,-1595
1013,-1592
1015,-1590
1017,-1587
1019,-1585
1021,-1584
1023,-1585
1025,-1592
1027,-1600
1029,-1608
1031,-1615
1033,-1621
1035,-1629
1037,-1634
1039,-1639
1041,-1646
1043,-1654
1045,-1661
1047,-1669
1049,-1679
1051,-1688
1053,-1697
1055,-1707
1057,-1717
1059,-1726
1061,-1731
1063,-1734
1065,-1737
1067,-1739
1069,-1741
1071,-1745
1073,-1753
1075,-1762
1077,-1769
1079,-1776
1081,-1783
1083,-1788
1085,-1790
1087,-1792
1089,-1794
1091,-1798
1093,-1800
1095,-1800
1097,-1798
1099,-1793
1101,-1787
1103,-1780
1105,-1775
1107,-1773
1109,-1771
1111,-1764
1113,-1755
1115,-1742
1117,-1732
1119,-1725
1121,-1717
1123,-1711
1125,-1705
1127,-1697
1129,-1689
1131,-1683
1133,-1678
1135,-1675
1137,-1673
1139,-1671
1141,-1668
1143,-1662
1145,-1655
1147,-1648
1149,-1641
1151,-1635
1153,-1630
1155,-1625
1157,-1622
1159,-1617
1161,-1613
1163,-1610
1165,-1605
1167,-1602
1169,-1604
1171,-1608
1173,-1613
1175,-1620
1177,-1626
1179,-1630
1181,-1631
1183,-1633
1185,-1637
1187,-1642
1189,-1647
1191,-1654
1193,-1660
1195,-1664
1197,-1669
1199,-1675
1201,-1684
1203,-1691
1205,-1696
1207,-1698
1209,-1697
1211,-1697
1213,-1696
1215,-1698
1217,-1702
1219,-1705
1221,-1708
1223,-1713
1225,-1717
1227,-1720
1229,-1721
1231,-1723
1233,-1724
1235,-1724
1237,-1724
1239,-1725
1241,-1724
1243,-1720
1245,-1713
1247,-1706
1249,-1699
1251,-1694
1253,-1689
1255,-1683
1257,-1676
1259,-1666
1261,-1655
1263,-1645
1265,-1636
1267,-1628
1269,-1620
1271,-1613
1273,-1606
1275,-1601
1277,-1595
1279,-1589
1281,-1586
1283,-1585
1285,-1584
1287,-1583
1289,-1580
1291,-1573
1293,-1567
1295,-1563
1297,-1559
1299,-1556
1301,-1553
1303,-1550
1305,-1548
1307,-1547
1309,-1546
1311,-1545
1313,-1547
1315,-1552
1317,-1558
1319,-1567
1321,-1578
1323,-1586
1325,-1593
1327,-1599
1329,-1606
1331,-1612
1333,-1620
1335,-1628
1337,-1637
1339,-1647
1341,-1655
1343,-1666
1345,-1676
1347,-1686
1349,-1696
1351,-1704
1353,-1709
1355,-1714
1357,-1718
1359,-1721
1361,-1724
1363,-1729
1365,-1735
1367,-1741
1369,-1747
1371,-1754
1373,-1759
1375,-1763
1377,-1765
1379,-1767
1381,-1769
1383,-1770
1385,-1772
1387,-1773
1389,-1770
1391,-1764
1393,-1756
1395,-1748
1397,-1741
1399,-1735
1401,-1729
1403,-1723
1405,-1713
1407,-1702
1409,-1691
1411,-1681
1413,-1673
1415,-1666
1417,-1659
1419,-1650
1421,-1640
1423,-1632
1425,-1627
1427,-1624
1429,-1620
1431,-1619
1433,-1615
1435,-1609
1437,-1605
1439,-1600
1441,-1594
1443,-1589
1445,-1585
1447,-1581
1449,-1579
1451,-1577
1453,-1574
1455,-1572
1457,-1571
1459,-1571
1461,-1573
1463,-1580
1465,-1591
1467,-1602
1469,-1612
1471,-1620
1473,-1627
1475,-1633
1477,-1639
1479,-1648
1481,-1660
1483,-1671
1485,-1681
1487,-1691
1489,-1702
1491,-1713
1493,-1725
1495,-1738
1497,-1749
1499,-1755
1501,-1758
1503,-1762
1505,-1765
1507,-1770
1509,-1777
1511,-1786
1513,-1797
1515,-1805
1517,-1811
1519,-1817
1521,-1822
1523,-1825
1525,-1828
1527,-1828
1529,-1829
1531,-1831
1533,-1831
1535,-1828
1537,-1825
1539,-1819
1541,-1810
1543,-1803
1545,-1796
1547,-1788
1549,-1779
1551,-1769
1553,-1757
1555,-1746
1557,-1735
1559,-1725
1561,-1715
1563,-1706
1565,-1696
1567,-1686
1569,-1678
1571,-1668
1573,-1660
1575,-1656
1577,-1652
1579,-1646
1581,-1637
1583,-1629
1585,-1621
1587,-1613
1589,-1605
1591,-1597
1593,-1590
1595,-1584
1597,-1578
1599,-1572
1601,-1567
1603,-1564
1605,-1561
1607,-1560
1609,-1562
1611,-1568
1613,-1574
1615,-1580
1617,-1586
1619,-1588
1621,-1591
1623,-1595
1625,-1600
1627,-1606
1629,-1613
1631,-1621
1633,-1628
1635,-1636
1637,-1643
1639,-1652
1641,-1663
1643,-1669
1645,-1672
1647,-1675
1649,-1677
1651,-1679
1653,-1684
1655,-1691
1657,-1697
1659,-1704
1661,-1712
1663,-1717
1665,-1724
1667,-1729
1669,-1732
1671,-1734
1673,-1736
1675,-1738
1677,-1740
1679,-1742
1681,-1742
1683,-1738
1685,-1732
1687,-1726
1689,-1720
1691,-1717
1693,-1713
1695,-1706
1697,-1697
1699,-1687
1701,-1678
1703,-1668
1705,-1660
1707,-1653
1709,-1645
1711,-1638
1713,-1632
1715,-1625
1717,-1619
1719,-1615
1721,-1614
1723,-1613
1725,-1610
1727,-1605
1729,-1599
1731,-1593
1733,-1585
1735,-1579
1737,-1573
1739,-1569
1741,-1565
1743,-1561
1745,-1558
1747,-1556
1749,-1555
1751,-1554
1753,-1555
1755,-1560
1757,-1568
1759,-1576
1761,-1583
1763,-1588
1765,-1594
1767,-1599
1769,-1604
1771,-1610
1773,-1618
1775,-1627
1777,-1635
1779,-1640
1781,-1648
1783,-1659
1785,-1671
1787,-1683
1789,-1691
1791,-1697
1793,-1699
1795,-1699
1797,-1701
1799,-1705
1801,-1711
1803,-1718
1805,-1725
1807,-1730
1809,-1736
1811,-1743
1813,-1748
1815,-1753
1817,-1757
1819,-1758
1821,-1759
1823,-1760
1825,-1760
1827,-1759
1829,-1756
1831,-1750
1833,-1741
1835,-1735
1837,-1730
1839,-1726
1841,-1721
1843,-1714
1845,-1703
1847,-1692
1849,-1681
1851,-1670
1853,-1664
1855,-1659
1857,-1651
1859,-1646
1861,-1638
1863,-1631
1865,-1627
1867,-1626
1869,-1625
1871,-1623
1873,-1620
1875,-1614
1877,-1607
1879,-1600
1881,-1594
1883,-1590
1885,-1587
1887,-1585
1889,-1585
1891,-1584
1893,-1582
1895,-1581
1897,-1581
1899,-1585
1901,-1591
1903,-1598
1905,-1607
1907,-1616
1909,-1624
1911,-1631
1913,-1637
1915,-1644
1917,-1652
1919,-1661
1921,-1671
1923,-1681
1925,-1690
1927,-1699
1929,-1709
1931,-1721
1933,-1733
1935,-1742
1937,-1750
1939,-1753
1941,-1755
1943,-1756
1945,-1761
1947,-1767
1949,-1772
1951,-1780
1953,-1787
1955,-1794
1957,-1799
1959,-1805
1961,-1809
1963,-1809
1965,-1809
1967,-1810
1969,-1812
1971,-1814
1973,-1811
1975,-1805
1977,-1796
1979,-1789
1981,-1782
1983,-1774
1985,-1767
1987,-1760
1989,-1749
1991,-1738
1993,-1726
1995,-1716
1997,-1706
1999,-1696

Data Start: 
-1575.00000,-1581.00000,-1589.00000,-1595.00000,-1599.00000,-1602.00000,-1606.00000,-1610.00000,-1615.00000,-1621.00000,-1626.00000,-1630.00000,-1637.00000,-1643.00000,-1650.00000,-1659.00000,-1668.00000,-1675.00000,-1680.00000,-1682.00000,-1682.00000,-1682.00000,-1683.00000,-1686.00000,-1689.00000,-1695.00000,-1701.00000,-1706.00000,-1712.00000,-1717.00000,-1720.00000,-1721.00000,-1723.00000,-1724.00000,-1724.00000,-1725.00000,-1724.00000,-1720.00000,-1713.00000,-1706.00000,-1700.00000,-1696.00000,-1693.00000,-1687.00000,-1679.00000,-1672.00000,-1662.00000,-1653.00000,-1644.00000,-1637.00000,-1631.00000,-1625.00000,-1619.00000,-1614.00000,-1609.00000,-1606.00000,-1605.00000,-1607.00000,-1607.00000,-1605.00000,-1601.00000,-1597.00000,-1593.00000,-1588.00000,-1583.00000,-1582.00000,-1581.00000,-1581.00000,-1581.00000,-1581.00000,-1581.00000,-1581.00000,-1583.00000,-1589.00000,-1597.00000,-1606.00000,-1615.00000,-1622.00000,-1629.00000,-1637.00000,-1645.00000,-1652.00000,-1661.00000,-1669.00000,-1677.00000,-1687.00000,-1696.00000,-1705.00000,-1714.00000,-1725.00000,-1734.00000,-1740.00000,-1744.00000,-1747.00000,-1751.00000,-1754.00000,-1757.00000,-1762.00000,-1768.00000,-1775.00000,-1781.00000,-1786.00000,-1791.00000,-1795.00000,-1796.00000,-1796.00000,-1798.00000,-1799.00000,-1800.00000,-1799.00000,-1794.00000,-1788.00000,-1779.00000,-1770.00000,-1763.00000,-1759.00000,-1754.00000,-1746.00000,-1735.00000,-1722.00000,-1710.00000,-1700.00000,-1693.00000,-1686.00000,-1677.00000,-1667.00000,-1659.00000,-1651.00000,-1645.00000,-1642.00000,-1642.00000,-1640.00000,-1636.00000,-1629.00000,-1622.00000,-1615.00000,-1608.00000,-1603.00000,-1598.00000,-1594.00000,-1592.00000,-1589.00000,-1587.00000,-1586.00000,-1584.00000,-1585.00000,-1590.00000,-1597.00000,-1607.00000,-1614.00000,-1619.00000,-1625.00000,-1631.00000,-1638.00000,-1644.00000,-1652.00000,-1662.00000,-1671.00000,-1679.00000,-1686.00000,-1694.00000,-1704.00000,-1714.00000,-1725.00000,-1732.00000,-1737.00000,-1739.00000,-1741.00000,-1743.00000,-1747.00000,-1753.00000,-1759.00000,-1767.00000,-1772.00000,-1775.00000,-1779.00000,-1783.00000,-1786.00000,-1789.00000,-1791.00000,-1791.00000,-1791.00000,-1788.00000,-1783.00000,-1776.00000,-1768.00000,-1759.00000,-1753.00000,-1746.00000,-1740.00000,-1731.00000,-1720.00000,-1709.00000,-1697.00000,-1687.00000,-1677.00000,-1667.00000,-1658.00000,-1648.00000,-1638.00000,-1629.00000,-1622.00000,-1619.00000,-1616.00000,-1612.00000,-1607.00000,-1600.00000,-1593.00000,-1584.00000,-1574.00000,-1566.00000,-1559.00000,-1552.00000,-1547.00000,-1544.00000,-1540.00000,-1536.00000,-1532.00000,-1532.00000,-1533.00000,-1538.00000,-1545.00000,-1550.00000,-1554.00000,-1561.00000,-1565.00000,-1568.00000,-1574.00000,-1582.00000,-1589.00000,-1597.00000,-1605.00000,-1613.00000,-1620.00000,-1629.00000,-1640.00000,-1650.00000,-1655.00000,-1658.00000,-1659.00000,-1663.00000,-1667.00000,-1672.00000,-1679.00000,-1686.00000,-1693.00000,-1701.00000,-1709.00000,-1716.00000,-1720.00000,-1722.00000,-1725.00000,-1727.00000,-1731.00000,-1735.00000,-1738.00000,-1738.00000,-1734.00000,-1727.00000,-1721.00000,-1719.00000,-1716.00000,-1712.00000,-1706.00000,-1699.00000,-1690.00000,-1681.00000,-1674.00000,-1670.00000,-1666.00000,-1662.00000,-1657.00000,-1650.00000,-1644.00000,-1641.00000,-1640.00000,-1640.00000,-1640.00000,-1639.00000,-1633.00000,-1629.00000,-1625.00000,-1620.00000,-1616.00000,-1612.00000,-1609.00000,-1606.00000,-1605.00000,-1604.00000,-1602.00000,-1601.00000,-1600.00000,-1603.00000,-1610.00000,-1618.00000,-1626.00000,-1633.00000,-1638.00000,-1641.00000,-1645.00000,-1651.00000,-1658.00000,-1666.00000,-1675.00000,-1683.00000,-1689.00000,-1696.00000,-1705.00000,-1714.00000,-1723.00000,-1729.00000,-1731.00000,-1732.00000,-1735.00000,-1738.00000,-1740.00000,-1745.00000,-1752.00000,-1759.00000,-1764.00000,-1768.00000,-1772.00000,-1774.00000,-1775.00000,-1777.00000,-1779.00000,-1781.00000,-1783.00000,-1782.00000,-1778.00000,-1773.00000,-1766.00000,-1759.00000,-1754.00000,-1747.00000,-1741.00000,-1734.00000,-1724.00000,-1714.00000,-1705.00000,-1698.00000,-1691.00000,-1685.00000,-1678.00000,-1670.00000,-1661.00000,-1655.00000,-1651.00000,-1649.00000,-1650.00000,-1649.00000,-1645.00000,-1640.00000,-1636.00000,-1632.00000,-1626.00000,-1620.00000,-1616.00000,-1611.00000,-1608.00000,-1607.00000,-1606.00000,-1607.00000,-1607.00000,-1608.00000,-1610.00000,-1617.00000,-1626.00000,-1635.00000,-1642.00000,-1648.00000,-1652.00000,-1656.00000,-1661.00000,-1668.00000,-1677.00000,-1684.00000,-1692.00000,-1700.00000,-1706.00000,-1713.00000,-1722.00000,-1732.00000,-1738.00000,-1740.00000,-1742.00000,-1743.00000,-1742.00000,-1742.00000,-1744.00000,-1748.00000,-1753.00000,-1757.00000,-1762.00000,-1764.00000,-1764.00000,-1764.00000,-1763.00000,-1762.00000,-1762.00000,-1759.00000,-1754.00000,-1748.00000,-1740.00000,-1731.00000,-1722.00000,-1715.00000,-1707.00000,-1699.00000,-1689.00000,-1678.00000,-1665.00000,-1651.00000,-1639.00000,-1630.00000,-1621.00000,-1613.00000,-1603.00000,-1593.00000,-1586.00000,-1578.00000,-1574.00000,-1574.00000,-1571.00000,-1566.00000,-1560.00000,-1554.00000,-1547.00000,-1541.00000,-1536.00000,-1532.00000,-1529.00000,-1526.00000,-1521.00000,-1517.00000,-1516.00000,-1514.00000,-1515.00000,-1519.00000,-1528.00000,-1537.00000,-1545.00000,-1552.00000,-1561.00000,-1568.00000,-1575.00000,-1584.00000,-1593.00000,-1600.00000,-1608.00000,-1619.00000,-1629.00000,-1639.00000,-1650.00000,-1663.00000,-1676.00000,-1684.00000,-1690.00000,-1695.00000,-1698.00000,-1702.00000,-1706.00000,-1711.00000,-1718.00000,-1726.00000,-1734.00000,-1742.00000,-1750.00000,-1758.00000,-1762.00000,-1764.00000,-1767.00000,-1769.00000,-1772.00000,-1773.00000,-1771.00000,-1766.00000,-1759.00000,-1753.00000,-1749.00000,-1746.00000,-1743.00000,-1736.00000,-1727.00000,-1717.00000,-1707.00000,-1698.00000,-1690.00000,-1684.00000,-1677.00000,-1670.00000,-1662.00000,-1656.00000,-1650.00000,-1647.00000,-1646.00000,-1643.00000,-1639.00000,-1633.00000,-1626.00000,-1619.00000,-1613.00000,-1607.00000,-1602.00000,-1598.00000,-1595.00000,-1592.00000,-1590.00000,-1587.00000,-1585.00000,-1584.00000,-1585.00000,-1592.00000,-1600.00000,-1608.00000,-1615.00000,-1621.00000,-1629.00000,-1634.00000,-1639.00000,-1646.00000,-1654.00000,-1661.00000,-1669.00000,-1679.00000,-1688.00000,-1697.00000,-1707.00000,-1717.00000,-1726.00000,-1731.00000,-1734.00000,-1737.00000,-1739.00000,-1741.00000,-1745.00000,-1753.00000,-1762.00000,-1769.00000,-1776.00000,-1783.00000,-1788.00000,-1790.00000,-1792.00000,-1794.00000,-1798.00000,-1800.00000,-1800.00000,-1798.00000,-1793.00000,-1787.00000,-1780.00000,-1775.00000,-1773.00000,-1771.00000,-1764.00000,-1755.00000,-1742.00000,-1732.00000,-1725.00000,-1717.00000,-1711.00000,-1705.00000,-1697.00000,-1689.00000,-1683.00000,-1678.00000,-1675.00000,-1673.00000,-1671.00000,-1668.00000,-1662.00000,-1655.00000,-1648.00000,-1641.00000,-1635.00000,-1630.00000,-1625.00000,-1622.00000,-1617.00000,-1613.00000,-1610.00000,-1605.00000,-1602.00000,-1604.00000,-1608.00000,-1613.00000,-1620.00000,-1626.00000,-1630.00000,-1631.00000,-1633.00000,-1637.00000,-1642.00000,-1647.00000,-1654.00000,-1660.00000,-1664.00000,-1669.00000,-1675.00000,-1684.00000,-1691.00000,-1696.00000,-1698.00000,-1697.00000,-1697.00000,-1696.00000,-1698.00000,-1702.00000,-1705.00000,-1708.00000,-1713.00000,-1717.00000,-1720.00000,-1721.00000,-1723.00000,-1724.00000,-1724.00000,-1724.00000,-1725.00000,-1724.00000,-1720.00000,-1713.00000,-1706.00000,-1699.00000,-1694.00000,-1689.00000,-1683.00000,-1676.00000,-1666.00000,-1655.00000,-1645.00000,-1636.00000,-1628.00000,-1620.00000,-1613.00000,-1606.00000,-1601.00000,-1595.00000,-1589.00000,-1586.00000,-1585.00000,-1584.00000,-1583.00000,-1580.00000,-1573.00000,-1567.00000,-1563.00000,-1559.00000,-1556.00000,-1553.00000,-1550.00000,-1548.00000,-1547.00000,-1546.00000,-1545.00000,-1547.00000,-1552.00000,-1558.00000,-1567.00000,-1578.00000,-1586.00000,-1593.00000,-1599.00000,-1606.00000,-1612.00000,-1620.00000,-1628.00000,-1637.00000,-1647.00000,-1655.00000,-1666.00000,-1676.00000,-1686.00000,-1696.00000,-1704.00000,-1709.00000,-1714.00000,-1718.00000,-1721.00000,-1724.00000,-1729.00000,-1735.00000,-1741.00000,-1747.00000,-1754.00000,-1759.00000,-1763.00000,-1765.00000,-1767.00000,-1769.00000,-1770.00000,-1772.00000,-1773.00000,-1770.00000,-1764.00000,-1756.00000,-1748.00000,-1741.00000,-1735.00000,-1729.00000,-1723.00000,-1713.00000,-1702.00000,-1691.00000,-1681.00000,-1673.00000,-1666.00000,-1659.00000,-1650.00000,-1640.00000,-1632.00000,-1627.00000,-1624.00000,-1620.00000,-1619.00000,-1615.00000,-1609.00000,-1605.00000,-1600.00000,-1594.00000,-1589.00000,-1585.00000,-1581.00000,-1579.00000,-1577.00000,-1574.00000,-1572.00000,-1571.00000,-1571.00000,-1573.00000,-1580.00000,-1591.00000,-1602.00000,-1612.00000,-1620.00000,-1627.00000,-1633.00000,-1639.00000,-1648.00000,-1660.00000,-1671.00000,-1681.00000,-1691.00000,-1702.00000,-1713.00000,-1725.00000,-1738.00000,-1749.00000,-1755.00000,-1758.00000,-1762.00000,-1765.00000,-1770.00000,-1777.00000,-1786.00000,-1797.00000,-1805.00000,-1811.00000,-1817.00000,-1822.00000,-1825.00000,-1828.00000,-1828.00000,-1829.00000,-1831.00000,-1831.00000,-1828.00000,-1825.00000,-1819.00000,-1810.00000,-1803.00000,-1796.00000,-1788.00000,-1779.00000,-1769.00000,-1757.00000,-1746.00000,-1735.00000,-1725.00000,-1715.00000,-1706.00000,-1696.00000,-1686.00000,-1678.00000,-1668.00000,-1660.00000,-1656.00000,-1652.00000,-1646.00000,-1637.00000,-1629.00000,-1621.00000,-1613.00000,-1605.00000,-1597.00000,-1590.00000,-1584.00000,-1578.00000,-1572.00000,-1567.00000,-1564.00000,-1561.00000,-1560.00000,-1562.00000,-1568.00000,-1574.00000,-1580.00000,-1586.00000,-1588.00000,-1591.00000,-1595.00000,-1600.00000,-1606.00000,-1613.00000,-1621.00000,-1628.00000,-1636.00000,-1643.00000,-1652.00000,-1663.00000,-1669.00000,-1672.00000,-1675.00000,-1677.00000,-1679.00000,-1684.00000,-1691.00000,-1697.00000,-1704.00000,-1712.00000,-1717.00000,-1724.00000,-1729.00000,-1732.00000,-1734.00000,-1736.00000,-1738.00000,-1740.00000,-1742.00000,-1742.00000,-1738.00000,-1732.00000,-1726.00000,-1720.00000,-1717.00000,-1713.00000,-1706.00000,-1697.00000,-1687.00000,-1678.00000,-1668.00000,-1660.00000,-1653.00000,-1645.00000,-1638.00000,-1632.00000,-1625.00000,-1619.00000,-1615.00000,-1614.00000,-1613.00000,-1610.00000,-1605.00000,-1599.00000,-1593.00000,-1585.00000,-1579.00000,-1573.00000,-1569.00000,-1565.00000,-1561.00000,-1558.00000,-1556.00000,-1555.00000,-1554.00000,-1555.00000,-1560.00000,-1568.00000,-1576.00000,-1583.00000,-1588.00000,-1594.00000,-1599.00000,-1604.00000,-1610.00000,-1618.00000,-1627.00000,-1635.00000,-1640.00000,-1648.00000,-1659.00000,-1671.00000,-1683.00000,-1691.00000,-1697.00000,-1699.00000,-1699.00000,-1701.00000,-1705.00000,-1711.00000,-1718.00000,-1725.00000,-1730.00000,-1736.00000,-1743.00000,-1748.00000,-1753.00000,-1757.00000,-1758.00000,-1759.00000,-1760.00000,-1760.00000,-1759.00000,-1756.00000,-1750.00000,-1741.00000,-1735.00000,-1730.00000,-1726.00000,-1721.00000,-1714.00000,-1703.00000,-1692.00000,-1681.00000,-1670.00000,-1664.00000,-1659.00000,-1651.00000,-1646.00000,-1638.00000,-1631.00000,-1627.00000,-1626.00000,-1625.00000,-1623.00000,-1620.00000,-1614.00000,-1607.00000,-1600.00000,-1594.00000,-1590.00000,-1587.00000,-1585.00000,-1585.00000,-1584.00000,-1582.00000,-1581.00000,-1581.00000,-1585.00000,-1591.00000,-1598.00000,-1607.00000,-1616.00000,-1624.00000,-1631.00000,-1637.00000,-1644.00000,-1652.00000,-1661.00000,-1671.00000,-1681.00000,-1690.00000,-1699.00000,-1709.00000,-1721.00000,-1733.00000,-1742.00000,-1750.00000,-1753.00000,-1755.00000,-1756.00000,-1761.00000,-1767.00000,-1772.00000,-1780.00000,-1787.00000,-1794.00000,-1799.00000,-1805.00000,-1809.00000,-1809.00000,-1809.00000,-1810.00000,-1812.00000,-1814.00000,-1811.00000,-1805.00000,-1796.00000,-1789.00000,-1782.00000,-1774.00000,-1767.00000,-1760.00000,-1749.00000,-1738.00000,-1726.00000,-1716.00000,-1706.00000,-1696.00000,
Data End: 
DFT Start
DFT Finished
While Start 10

2 : Input started

Input finished
1,-1717
3,-1718
5,-1722
7,-1727
9,-1733
11,-1741
13,-1749
15,-1755
17,-1760
19,-1765
21,-1769
23,-1770
25,-1771
27,-1774
29,-1775
31,-1774
33,-1772
35,-1765
37,-1758
39,-1751
41,-1746
43,-1742
45,-1737
47,-1730
49,-1721
51,-1709
53,-1697
55,-1688
57,-1680
59,-1674
61,-1667
63,-1658
65,-1651
67,-1644
69,-1638
71,-1634
73,-1632
75,-1629
77,-1625
79,-1618
81,-1611
83,-1605
85,-1600
87,-1595
89,-1590
91,-1585
93,-1581
95,-1577
97,-1574
99,-1570
101,-1569
103,-1569
105,-1571
107,-1575
109,-1583
111,-1593
113,-1602
115,-1607
117,-1611
119,-1615
121,-1621
123,-1628
125,-1636
127,-1645
129,-1654
131,-1662
133,-1669
135,-1679
137,-1689
139,-1701
141,-1709
143,-1714
145,-1716
147,-1718
149,-1719
151,-1722
153,-1728
155,-1734
157,-1742
159,-1749
161,-1755
163,-1761
165,-1765
167,-1768
169,-1770
171,-1771
173,-1773
175,-1775
177,-1774
179,-1771
181,-1766
183,-1759
185,-1753
187,-1747
189,-1742
191,-1736
193,-1729
195,-1719
197,-1708
199,-1698
201,-1689
203,-1681
205,-1674
207,-1666
209,-1657
211,-1649
213,-1642
215,-1636
217,-1633
219,-1631
221,-1629
223,-1626
225,-1620
227,-1614
229,-1607
231,-1600
233,-1593
235,-1588
237,-1585
239,-1581
241,-1578
243,-1575
245,-1573
247,-1571
249,-1569
251,-1572
253,-1578
255,-1584
257,-1593
259,-1600
261,-1606
263,-1612
265,-1616
267,-1622
269,-1628
271,-1636
273,-1645
275,-1653
277,-1661
279,-1670
281,-1679
283,-1688
285,-1698
287,-1707
289,-1713
291,-1716
293,-1718
295,-1719
297,-1723
299,-1727
301,-1733
303,-1742
305,-1749
307,-1757
309,-1762
311,-1765
313,-1768
315,-1770
317,-1772
319,-1774
321,-1777
323,-1777
325,-1774
327,-1768
329,-1760
331,-1754
333,-1749
335,-1745
337,-1740
339,-1732
341,-1723
343,-1712
345,-1701
347,-1691
349,-1684
351,-1677
353,-1669
355,-1661
357,-1653
359,-1645
361,-1639
363,-1636
365,-1633
367,-1631
369,-1627
371,-1622
373,-1616
375,-1610
377,-1604
379,-1597
381,-1591
383,-1587
385,-1582
387,-1578
389,-1576
391,-1574
393,-1573
395,-1572
397,-1572
399,-1577
401,-1586
403,-1596
405,-1604
407,-1610
409,-1614
411,-1617
413,-1622
415,-1629
417,-1637
419,-1646
421,-1655
423,-1663
425,-1671
427,-1680
429,-1689
431,-1698
433,-1707
435,-1713
437,-1716
439,-1719
441,-1721
443,-1724
445,-1729
447,-1735
449,-1743
451,-1750
453,-1756
455,-1761
457,-1765
459,-1767
461,-1769
463,-1771
465,-1773
467,-1776
469,-1777
471,-1774
473,-1770
475,-1762
477,-1753
479,-1747
481,-1742
483,-1738
485,-1731
487,-1722
489,-1712
491,-1700
493,-1691
495,-1683
497,-1676
499,-1669
501,-1661
503,-1652
505,-1643
507,-1638
509,-1634
511,-1632
513,-1631
515,-1629
517,-1624
519,-1616
521,-1609
523,-1602
525,-1596
527,-1591
529,-1586
531,-1582
533,-1579
535,-1575
537,-1573
539,-1571
541,-1571
543,-1574
545,-1579
547,-1586
549,-1593
551,-1600
553,-1606
555,-1612
557,-1616
559,-1622
561,-1628
563,-1636
565,-1644
567,-1652
569,-1661
571,-1669
573,-1679
575,-1688
577,-1698
579,-1705
581,-1711
583,-1715
585,-1717
587,-1721
589,-1725
591,-1729
593,-1734
595,-1741
597,-1748
599,-1754
601,-1759
603,-1764
605,-1768
607,-1770
609,-1772
611,-1774
613,-1776
615,-1776
617,-1773
619,-1768
621,-1761
623,-1753
625,-1746
627,-1740
629,-1736
631,-1730
633,-1722
635,-1712
637,-1701
639,-1691
641,-1681
643,-1673
645,-1666
647,-1658
649,-1650
651,-1641
653,-1635
655,-1632
657,-1631
659,-1628
661,-1624
663,-1620
665,-1614
667,-1608
669,-1599
671,-1592
673,-1586
675,-1582
677,-1579
679,-1576
681,-1573
683,-1571
685,-1569
687,-1568
689,-1570
691,-1576
693,-1583
695,-1591
697,-1598
699,-1603
701,-1608
703,-1613
705,-1620
707,-1627
709,-1636
711,-1644
713,-1652
715,-1658
717,-1665
719,-1674
721,-1685
723,-1696
725,-1704
727,-1711
729,-1714
731,-1716
733,-1719
735,-1722
737,-1726
739,-1732
741,-1740
743,-1746
745,-1751
747,-1756
749,-1762
751,-1766
753,-1768
755,-1769
757,-1771
759,-1773
761,-1774
763,-1770
765,-1766
767,-1758
769,-1751
771,-1746
773,-1741
775,-1736
777,-1729
779,-1720
781,-1709
783,-1698
785,-1689
787,-1681
789,-1673
791,-1664
793,-1658
795,-1649
797,-1641
799,-1635
801,-1632
803,-1629
805,-1626
807,-1622
809,-1619
811,-1612
813,-1606
815,-1601
817,-1593
819,-1588
821,-1584
823,-1579
825,-1576
827,-1573
829,-1570
831,-1568
833,-1567
835,-1570
837,-1575
839,-1583
841,-1592
843,-1598
845,-1604
847,-1609
849,-1614
851,-1619
853,-1627
855,-1635
857,-1643
859,-1651
861,-1659
863,-1667
865,-1676
867,-1687
869,-1698
871,-1707
873,-1712
875,-1714
877,-1716
879,-1719
881,-1722
883,-1726
885,-1732
887,-1739
889,-1747
891,-1754
893,-1759
895,-1763
897,-1767
899,-1770
901,-1772
903,-1774
905,-1776
907,-1776
909,-1774
911,-1769
913,-1761
915,-1754
917,-1748
919,-1744
921,-1741
923,-1735
925,-1726
927,-1715
929,-1704
931,-1694
933,-1685
935,-1677
937,-1668
939,-1661
941,-1655
943,-1647
945,-1640
947,-1635
949,-1634
951,-1632
953,-1628
955,-1623
957,-1617
959,-1610
961,-1603
963,-1595
965,-1590
967,-1586
969,-1583
971,-1580
973,-1577
975,-1574
977,-1571
979,-1569
981,-1570
983,-1576
985,-1584
987,-1591
989,-1599
991,-1605
993,-1608
995,-1613
997,-1620
999,-1626
1001,-1634
1003,-1642
1005,-1651
1007,-1659
1009,-1666
1011,-1676
1013,-1686
1015,-1698
1017,-1706
1019,-1711
1021,-1714
1023,-1715
1025,-1717
1027,-1720
1029,-1724
1031,-1730
1033,-1738
1035,-1747
1037,-1753
1039,-1758
1041,-1763
1043,-1767
1045,-1768
1047,-1770
1049,-1772
1051,-1774
1053,-1774
1055,-1772
1057,-1768
1059,-1762
1061,-1754
1063,-1748
1065,-1744
1067,-1739
1069,-1731
1071,-1722
1073,-1712
1075,-1701
1077,-1691
1079,-1684
1081,-1676
1083,-1669
1085,-1661
1087,-1653
1089,-1646
1091,-1638
1093,-1633
1095,-1631
1097,-1630
1099,-1626
1101,-1621
1103,-1614
1105,-1609
1107,-1602
1109,-1595
1111,-1589
1113,-1585
1115,-1581
1117,-1577
1119,-1575
1121,-1573
1123,-1571
1125,-1570
1127,-1570
1129,-1574
1131,-1581
1133,-1589
1135,-1597
1137,-1603
1139,-1607
1141,-1612
1143,-1619
1145,-1626
1147,-1633
1149,-1643
1151,-1652
1153,-1659
1155,-1666
1157,-1674
1159,-1684
1161,-1696
1163,-1705
1165,-1711
1167,-1714
1169,-1716
1171,-1719
1173,-1721
1175,-1724
1177,-1730
1179,-1738
1181,-1745
1183,-1751
1185,-1756
1187,-1760
1189,-1763
1191,-1766
1193,-1769
1195,-1771
1197,-1773
1199,-1773
1201,-1770
1203,-1765
1205,-1758
1207,-1751
1209,-1745
1211,-1740
1213,-1735
1215,-1729
1217,-1721
1219,-1712
1221,-1701
1223,-1691
1225,-1682
1227,-1674
1229,-1666
1231,-1659
1233,-1652
1235,-1645
1237,-1638
1239,-1634
1241,-1631
1243,-1628
1245,-1625
1247,-1620
1249,-1613
1251,-1607
1253,-1601
1255,-1593
1257,-1588
1259,-1584
1261,-1580
1263,-1577
1265,-1574
1267,-1572
1269,-1570
1271,-1568
1273,-1568
1275,-1573
1277,-1579
1279,-1587
1281,-1595
1283,-1601
1285,-1607
1287,-1613
1289,-1618
1291,-1624
1293,-1632
1295,-1640
1297,-1648
1299,-1656
1301,-1663
1303,-1671
1305,-1682
1307,-1693
1309,-1704
1311,-1711
1313,-1713
1315,-1716
1317,-1718
1319,-1721
1321,-1724
1323,-1729
1325,-1736
1327,-1743
1329,-1749
1331,-1756
1333,-1762
1335,-1766
1337,-1768
1339,-1770
1341,-1773
1343,-1773
1345,-1774
1347,-1773
1349,-1768
1351,-1761
1353,-1753
1355,-1746
1357,-1742
1359,-1739
1361,-1733
1363,-1724
1365,-1713
1367,-1702
1369,-1691
1371,-1683
1373,-1676
1375,-1669
1377,-1661
1379,-1653
1381,-1644
1383,-1637
1385,-1633
1387,-1631
1389,-1629
1391,-1625
1393,-1619
1395,-1613
1397,-1608
1399,-1603
1401,-1596
1403,-1590
1405,-1584
1407,-1580
1409,-1576
1411,-1574
1413,-1572
1415,-1569
1417,-1568
1419,-1569
1421,-1572
1423,-1579
1425,-1587
1427,-1596
1429,-1603
1431,-1608
1433,-1612
1435,-1617
1437,-1623
1439,-1630
1441,-1639
1443,-1650
1445,-1659
1447,-1666
1449,-1674
1451,-1683
1453,-1693
1455,-1703
1457,-1710
1459,-1713
1461,-1715
1463,-1718
1465,-1720
1467,-1723
1469,-1729
1471,-1736
1473,-1745
1475,-1752
1477,-1757
1479,-1762
1481,-1765
1483,-1767
1485,-1769
1487,-1772
1489,-1774
1491,-1774
1493,-1773
1495,-1768
1497,-1761
1499,-1753
1501,-1747
1503,-1743
1505,-1739
1507,-1733
1509,-1724
1511,-1714
1513,-1703
1515,-1693
1517,-1684
1519,-1677
1521,-1670
1523,-1662
1525,-1654
1527,-1646
1529,-1640
1531,-1634
1533,-1631
1535,-1630
1537,-1628
1539,-1623
1541,-1616
1543,-1611
1545,-1603
1547,-1597
1549,-1591
1551,-1586
1553,-1582
1555,-1579
1557,-1577
1559,-1574
1561,-1571
1563,-1570
1565,-1570
1567,-1574
1569,-1581
1571,-1590
1573,-1598
1575,-1604
1577,-1608
1579,-1613
1581,-1618
1583,-1625
1585,-1633
1587,-1641
1589,-1650
1591,-1658
1593,-1665
1595,-1675
1597,-1685
1599,-1695
1601,-1704
1603,-1710
1605,-1714
1607,-1716
1609,-1719
1611,-1722
1613,-1725
1615,-1730
1617,-1737
1619,-1744
1621,-1750
1623,-1757
1625,-1762
1627,-1766
1629,-1769
1631,-1771
1633,-1772
1635,-1773
1637,-1774
1639,-1773
1641,-1769
1643,-1762
1645,-1755
1647,-1749
1649,-1744
1651,-1738
1653,-1732
1655,-1725
1657,-1715
1659,-1703
1661,-1691
1663,-1683
1665,-1676
1667,-1670
1669,-1662
1671,-1655
1673,-1646
1675,-1639
1677,-1635
1679,-1632
1681,-1630
1683,-1626
1685,-1621
1687,-1615
1689,-1609
1691,-1603
1693,-1597
1695,-1592
1697,-1586
1699,-1582
1701,-1578
1703,-1576
1705,-1574
1707,-1571
1709,-1568
1711,-1568
1713,-1571
1715,-1578
1717,-1588
1719,-1597
1721,-1604
1723,-1610
1725,-1612
1727,-1616
1729,-1622
1731,-1630
1733,-1640
1735,-1649
1737,-1658
1739,-1665
1741,-1673
1743,-1683
1745,-1694
1747,-1703
1749,-1710
1751,-1715
1753,-1717
1755,-1719
1757,-1721
1759,-1725
1761,-1731
1763,-1739
1765,-1746
1767,-1753
1769,-1760
1771,-1764
1773,-1768
1775,-1770
1777,-1771
1779,-1774
1781,-1776
1783,-1778
1785,-1777
1787,-1772
1789,-1765
1791,-1757
1793,-1750
1795,-1746
1797,-1742
1799,-1736
1801,-1727
1803,-1717
1805,-1706
1807,-1695
1809,-1686
1811,-1678
1813,-1672
1815,-1663
1817,-1655
1819,-1647
1821,-1639
1823,-1635
1825,-1633
1827,-1631
1829,-1628
1831,-1623
1833,-1617
1835,-1611
1837,-1606
1839,-1599
1841,-1593
1843,-1587
1845,-1582
1847,-1579
1849,-1577
1851,-1575
1853,-1572
1855,-1571
1857,-1571
1859,-1573
1861,-1581
1863,-1590
1865,-1597
1867,-1604
1869,-1609
1871,-1614
1873,-1619
1875,-1625
1877,-1633
1879,-1642
1881,-1651
1883,-1658
1885,-1666
1887,-1673
1889,-1683
1891,-1693
1893,-1704
1895,-1712
1897,-1715
1899,-1717
1901,-1719
1903,-1722
1905,-1726
1907,-1731
1909,-1737
1911,-1744
1913,-1750
1915,-1756
1917,-1762
1919,-1767
1921,-1770
1923,-1771
1925,-1773
1927,-1775
1929,-1776
1931,-1775
1933,-1772
1935,-1766
1937,-1757
1939,-1750
1941,-1747
1943,-1742
1945,-1736
1947,-1729
1949,-1719
1951,-1708
1953,-1696
1955,-1687
1957,-1679
1959,-1671
1961,-1665
1963,-1656
1965,-1647
1967,-1641
1969,-1636
1971,-1633
1973,-1632
1975,-1629
1977,-1624
1979,-1618
1981,-1611
1983,-1605
1985,-1598
1987,-1593
1989,-1589
1991,-1585
1993,-1582
1995,-1578
1997,-1575
1999,-1574

Data Start: 
-1717.00000,-1718.00000,-1722.00000,-1727.00000,-1733.00000,-1741.00000,-1749.00000,-1755.00000,-1760.00000,-1765.00000,-1769.00000,-1770.00000,-1771.00000,-1774.00000,-1775.00000,-1774.00000,-1772.00000,-1765.00000,-1758.00000,-1751.00000,-1746.00000,-1742.00000,-1737.00000,-1730.00000,-1721.00000,-1709.00000,-1697.00000,-1688.00000,-1680.00000,-1674.00000,-1667.00000,-1658.00000,-1651.00000,-1644.00000,-1638.00000,-1634.00000,-1632.00000,-1629.00000,-1625.00000,-1618.00000,-1611.00000,-1605.00000,-1600.00000,-1595.00000,-1590.00000,-1585.00000,-1581.00000,-1577.00000,-1574.00000,-1570.00000,-1569.00000,-1569.00000,-1571.00000,-1575.00000,-1583.00000,-1593.00000,-1602.00000,-1607.00000,-1611.00000,-1615.00000,-1621.00000,-1628.00000,-1636.00000,-1645.00000,-1654.00000,-1662.00000,-1669.00000,-1679.00000,-1689.00000,-1701.00000,-1709.00000,-1714.00000,-1716.00000,-1718.00000,-1719.00000,-1722.00000,-1728.00000,-1734.00000,-1742.00000,-1749.00000,-1755.00000,-1761.00000,-1765.00000,-1768.00000,-1770.00000,-1771.00000,-1773.00000,-1775.00000,-1774.00000,-1771.00000,-1766.00000,-1759.00000,-1753.00000,-1747.00000,-1742.00000,-1736.00000,-1729.00000,-1719.00000,-1708.00000,-1698.00000,-1689.00000,-1681.00000,-1674.00000,-1666.00000,-1657.00000,-1649.00000,-1642.00000,-1636.00000,-1633.00000,-1631.00000,-1629.00000,-1626.00000,-1620.00000,-1614.00000,-1607.00000,-1600.00000,-1593.00000,-1588.00000,-1585.00000,-1581.00000,-1578.00000,-1575.00000,-1573.00000,-1571.00000,-1569.00000,-1572.00000,-1578.00000,-1584.00000,-1593.00000,-1600.00000,-1606.00000,-1612.00000,-1616.00000,-1622.00000,-1628.00000,-1636.00000,-1645.00000,-1653.00000,-1661.00000,-1670.00000,-1679.00000,-1688.00000,-1698.00000,-1707.00000,-1713.00000,-1716.00000,-1718.00000,-1719.00000,-1723.00000,-1727.00000,-1733.00000,-1742.00000,-1749.00000,-1757.00000,-1762.00000,-1765.00000,-1768.00000,-1770.00000,-1772.00000,-1774.00000,-1777.00000,-1777.00000,-1774.00000,-1768.00000,-1760.00000,-1754.00000,-1749.00000,-1745.00000,-1740.00000,-1732.00000,-1723.00000,-1712.00000,-1701.00000,-1691.00000,-1684.00000,-1677.00000,-1669.00000,-1661.00000,-1653.00000,-1645.00000,-1639.00000,-1636.00000,-1633.00000,-1631.00000,-1627.00000,-1622.00000,-1616.00000,-1610.00000,-1604.00000,-1597.00000,-1591.00000,-1587.00000,-1582.00000,-1578.00000,-1576.00000,-1574.00000,-1573.00000,-1572.00000,-1572.00000,-1577.00000,-1586.00000,-1596.00000,-1604.00000,-1610.00000,-1614.00000,-1617.00000,-1622.00000,-1629.00000,-1637.00000,-1646.00000,-1655.00000,-1663.00000,-1671.00000,-1680.00000,-1689.00000,-1698.00000,-1707.00000,-1713.00000,-1716.00000,-1719.00000,-1721.00000,-1724.00000,-1729.00000,-1735.00000,-1743.00000,-1750.00000,-1756.00000,-1761.00000,-1765.00000,-1767.00000,-1769.00000,-1771.00000,-1773.00000,-1776.00000,-1777.00000,-1774.00000,-1770.00000,-1762.00000,-1753.00000,-1747.00000,-1742.00000,-1738.00000,-1731.00000,-1722.00000,-1712.00000,-1700.00000,-1691.00000,-1683.00000,-1676.00000,-1669.00000,-1661.00000,-1652.00000,-1643.00000,-1638.00000,-1634.00000,-1632.00000,-1631.00000,-1629.00000,-1624.00000,-1616.00000,-1609.00000,-1602.00000,-1596.00000,-1591.00000,-1586.00000,-1582.00000,-1579.00000,-1575.00000,-1573.00000,-1571.00000,-1571.00000,-1574.00000,-1579.00000,-1586.00000,-1593.00000,-1600.00000,-1606.00000,-1612.00000,-1616.00000,-1622.00000,-1628.00000,-1636.00000,-1644.00000,-1652.00000,-1661.00000,-1669.00000,-1679.00000,-1688.00000,-1698.00000,-1705.00000,-1711.00000,-1715.00000,-1717.00000,-1721.00000,-1725.00000,-1729.00000,-1734.00000,-1741.00000,-1748.00000,-1754.00000,-1759.00000,-1764.00000,-1768.00000,-1770.00000,-1772.00000,-1774.00000,-1776.00000,-1776.00000,-1773.00000,-1768.00000,-1761.00000,-1753.00000,-1746.00000,-1740.00000,-1736.00000,-1730.00000,-1722.00000,-1712.00000,-1701.00000,-1691.00000,-1681.00000,-1673.00000,-1666.00000,-1658.00000,-1650.00000,-1641.00000,-1635.00000,-1632.00000,-1631.00000,-1628.00000,-1624.00000,-1620.00000,-1614.00000,-1608.00000,-1599.00000,-1592.00000,-1586.00000,-1582.00000,-1579.00000,-1576.00000,-1573.00000,-1571.00000,-1569.00000,-1568.00000,-1570.00000,-1576.00000,-1583.00000,-1591.00000,-1598.00000,-1603.00000,-1608.00000,-1613.00000,-1620.00000,-1627.00000,-1636.00000,-1644.00000,-1652.00000,-1658.00000,-1665.00000,-1674.00000,-1685.00000,-1696.00000,-1704.00000,-1711.00000,-1714.00000,-1716.00000,-1719.00000,-1722.00000,-1726.00000,-1732.00000,-1740.00000,-1746.00000,-1751.00000,-1756.00000,-1762.00000,-1766.00000,-1768.00000,-1769.00000,-1771.00000,-1773.00000,-1774.00000,-1770.00000,-1766.00000,-1758.00000,-1751.00000,-1746.00000,-1741.00000,-1736.00000,-1729.00000,-1720.00000,-1709.00000,-1698.00000,-1689.00000,-1681.00000,-1673.00000,-1664.00000,-1658.00000,-1649.00000,-1641.00000,-1635.00000,-1632.00000,-1629.00000,-1626.00000,-1622.00000,-1619.00000,-1612.00000,-1606.00000,-1601.00000,-1593.00000,-1588.00000,-1584.00000,-1579.00000,-1576.00000,-1573.00000,-1570.00000,-1568.00000,-1567.00000,-1570.00000,-1575.00000,-1583.00000,-1592.00000,-1598.00000,-1604.00000,-1609.00000,-1614.00000,-1619.00000,-1627.00000,-1635.00000,-1643.00000,-1651.00000,-1659.00000,-1667.00000,-1676.00000,-1687.00000,-1698.00000,-1707.00000,-1712.00000,-1714.00000,-1716.00000,-1719.00000,-1722.00000,-1726.00000,-1732.00000,-1739.00000,-1747.00000,-1754.00000,-1759.00000,-1763.00000,-1767.00000,-1770.00000,-1772.00000,-1774.00000,-1776.00000,-1776.00000,-1774.00000,-1769.00000,-1761.00000,-1754.00000,-1748.00000,-1744.00000,-1741.00000,-1735.00000,-1726.00000,-1715.00000,-1704.00000,-1694.00000,-1685.00000,-1677.00000,-1668.00000,-1661.00000,-1655.00000,-1647.00000,-1640.00000,-1635.00000,-1634.00000,-1632.00000,-1628.00000,-1623.00000,-1617.00000,-1610.00000,-1603.00000,-1595.00000,-1590.00000,-1586.00000,-1583.00000,-1580.00000,-1577.00000,-1574.00000,-1571.00000,-1569.00000,-1570.00000,-1576.00000,-1584.00000,-1591.00000,-1599.00000,-1605.00000,-1608.00000,-1613.00000,-1620.00000,-1626.00000,-1634.00000,-1642.00000,-1651.00000,-1659.00000,-1666.00000,-1676.00000,-1686.00000,-1698.00000,-1706.00000,-1711.00000,-1714.00000,-1715.00000,-1717.00000,-1720.00000,-1724.00000,-1730.00000,-1738.00000,-1747.00000,-1753.00000,-1758.00000,-1763.00000,-1767.00000,-1768.00000,-1770.00000,-1772.00000,-1774.00000,-1774.00000,-1772.00000,-1768.00000,-1762.00000,-1754.00000,-1748.00000,-1744.00000,-1739.00000,-1731.00000,-1722.00000,-1712.00000,-1701.00000,-1691.00000,-1684.00000,-1676.00000,-1669.00000,-1661.00000,-1653.00000,-1646.00000,-1638.00000,-1633.00000,-1631.00000,-1630.00000,-1626.00000,-1621.00000,-1614.00000,-1609.00000,-1602.00000,-1595.00000,-1589.00000,-1585.00000,-1581.00000,-1577.00000,-1575.00000,-1573.00000,-1571.00000,-1570.00000,-1570.00000,-1574.00000,-1581.00000,-1589.00000,-1597.00000,-1603.00000,-1607.00000,-1612.00000,-1619.00000,-1626.00000,-1633.00000,-1643.00000,-1652.00000,-1659.00000,-1666.00000,-1674.00000,-1684.00000,-1696.00000,-1705.00000,-1711.00000,-1714.00000,-1716.00000,-1719.00000,-1721.00000,-1724.00000,-1730.00000,-1738.00000,-1745.00000,-1751.00000,-1756.00000,-1760.00000,-1763.00000,-1766.00000,-1769.00000,-1771.00000,-1773.00000,-1773.00000,-1770.00000,-1765.00000,-1758.00000,-1751.00000,-1745.00000,-1740.00000,-1735.00000,-1729.00000,-1721.00000,-1712.00000,-1701.00000,-1691.00000,-1682.00000,-1674.00000,-1666.00000,-1659.00000,-1652.00000,-1645.00000,-1638.00000,-1634.00000,-1631.00000,-1628.00000,-1625.00000,-1620.00000,-1613.00000,-1607.00000,-1601.00000,-1593.00000,-1588.00000,-1584.00000,-1580.00000,-1577.00000,-1574.00000,-1572.00000,-1570.00000,-1568.00000,-1568.00000,-1573.00000,-1579.00000,-1587.00000,-1595.00000,-1601.00000,-1607.00000,-1613.00000,-1618.00000,-1624.00000,-1632.00000,-1640.00000,-1648.00000,-1656.00000,-1663.00000,-1671.00000,-1682.00000,-1693.00000,-1704.00000,-1711.00000,-1713.00000,-1716.00000,-1718.00000,-1721.00000,-1724.00000,-1729.00000,-1736.00000,-1743.00000,-1749.00000,-1756.00000,-1762.00000,-1766.00000,-1768.00000,-1770.00000,-1773.00000,-1773.00000,-1774.00000,-1773.00000,-1768.00000,-1761.00000,-1753.00000,-1746.00000,-1742.00000,-1739.00000,-1733.00000,-1724.00000,-1713.00000,-1702.00000,-1691.00000,-1683.00000,-1676.00000,-1669.00000,-1661.00000,-1653.00000,-1644.00000,-1637.00000,-1633.00000,-1631.00000,-1629.00000,-1625.00000,-1619.00000,-1613.00000,-1608.00000,-1603.00000,-1596.00000,-1590.00000,-1584.00000,-1580.00000,-1576.00000,-1574.00000,-1572.00000,-1569.00000,-1568.00000,-1569.00000,-1572.00000,-1579.00000,-1587.00000,-1596.00000,-1603.00000,-1608.00000,-1612.00000,-1617.00000,-1623.00000,-1630.00000,-1639.00000,-1650.00000,-1659.00000,-1666.00000,-1674.00000,-1683.00000,-1693.00000,-1703.00000,-1710.00000,-1713.00000,-1715.00000,-1718.00000,-1720.00000,-1723.00000,-1729.00000,-1736.00000,-1745.00000,-1752.00000,-1757.00000,-1762.00000,-1765.00000,-1767.00000,-1769.00000,-1772.00000,-1774.00000,-1774.00000,-1773.00000,-1768.00000,-1761.00000,-1753.00000,-1747.00000,-1743.00000,-1739.00000,-1733.00000,-1724.00000,-1714.00000,-1703.00000,-1693.00000,-1684.00000,-1677.00000,-1670.00000,-1662.00000,-1654.00000,-1646.00000,-1640.00000,-1634.00000,-1631.00000,-1630.00000,-1628.00000,-1623.00000,-1616.00000,-1611.00000,-1603.00000,-1597.00000,-1591.00000,-1586.00000,-1582.00000,-1579.00000,-1577.00000,-1574.00000,-1571.00000,-1570.00000,-1570.00000,-1574.00000,-1581.00000,-1590.00000,-1598.00000,-1604.00000,-1608.00000,-1613.00000,-1618.00000,-1625.00000,-1633.00000,-1641.00000,-1650.00000,-1658.00000,-1665.00000,-1675.00000,-1685.00000,-1695.00000,-1704.00000,-1710.00000,-1714.00000,-1716.00000,-1719.00000,-1722.00000,-1725.00000,-1730.00000,-1737.00000,-1744.00000,-1750.00000,-1757.00000,-1762.00000,-1766.00000,-1769.00000,-1771.00000,-1772.00000,-1773.00000,-1774.00000,-1773.00000,-1769.00000,-1762.00000,-1755.00000,-1749.00000,-1744.00000,-1738.00000,-1732.00000,-1725.00000,-1715.00000,-1703.00000,-1691.00000,-1683.00000,-1676.00000,-1670.00000,-1662.00000,-1655.00000,-1646.00000,-1639.00000,-1635.00000,-1632.00000,-1630.00000,-1626.00000,-1621.00000,-1615.00000,-1609.00000,-1603.00000,-1597.00000,-1592.00000,-1586.00000,-1582.00000,-1578.00000,-1576.00000,-1574.00000,-1571.00000,-1568.00000,-1568.00000,-1571.00000,-1578.00000,-1588.00000,-1597.00000,-1604.00000,-1610.00000,-1612.00000,-1616.00000,-1622.00000,-1630.00000,-1640.00000,-1649.00000,-1658.00000,-1665.00000,-1673.00000,-1683.00000,-1694.00000,-1703.00000,-1710.00000,-1715.00000,-1717.00000,-1719.00000,-1721.00000,-1725.00000,-1731.00000,-1739.00000,-1746.00000,-1753.00000,-1760.00000,-1764.00000,-1768.00000,-1770.00000,-1771.00000,-1774.00000,-1776.00000,-1778.00000,-1777.00000,-1772.00000,-1765.00000,-1757.00000,-1750.00000,-1746.00000,-1742.00000,-1736.00000,-1727.00000,-1717.00000,-1706.00000,-1695.00000,-1686.00000,-1678.00000,-1672.00000,-1663.00000,-1655.00000,-1647.00000,-1639.00000,-1635.00000,-1633.00000,-1631.00000,-1628.00000,-1623.00000,-1617.00000,-1611.00000,-1606.00000,-1599.00000,-1593.00000,-1587.00000,-1582.00000,-1579.00000,-1577.00000,-1575.00000,-1572.00000,-1571.00000,-1571.00000,-1573.00000,-1581.00000,-1590.00000,-1597.00000,-1604.00000,-1609.00000,-1614.00000,-1619.00000,-1625.00000,-1633.00000,-1642.00000,-1651.00000,-1658.00000,-1666.00000,-1673.00000,-1683.00000,-1693.00000,-1704.00000,-1712.00000,-1715.00000,-1717.00000,-1719.00000,-1722.00000,-1726.00000,-1731.00000,-1737.00000,-1744.00000,-1750.00000,-1756.00000,-1762.00000,-1767.00000,-1770.00000,-1771.00000,-1773.00000,-1775.00000,-1776.00000,-1775.00000,-1772.00000,-1766.00000,-1757.00000,-1750.00000,-1747.00000,-1742.00000,-1736.00000,-1729.00000,-1719.00000,-1708.00000,-1696.00000,-1687.00000,-1679.00000,-1671.00000,-1665.00000,-1656.00000,-1647.00000,-1641.00000,-1636.00000,-1633.00000,-1632.00000,-1629.00000,-1624.00000,-1618.00000,-1611.00000,-1605.00000,-1598.00000,-1593.00000,-1589.00000,-1585.00000,-1582.00000,-1578.00000,-1575.00000,-1574.00000,
Data End: 
DFT Start
DFT Finished
While Start 10

3 : Input started
