After Sleep 10
Init
Light Green
Light Off All
While Start 10

0 : Input started

Input finished
1,-1703
3,-1667
5,-1629
7,-1601
9,-1584
11,-1572
13,-1558
15,-1537
17,-1512
19,-1490
21,-1478
23,-1478
25,-1482
27,-1480
29,-1471
31,-1464
33,-1468
35,-1493
37,-1534
39,-1573
41,-1600
43,-1611
45,-1611
47,-1612
49,-1623
51,-1650
53,-1688
55,-1724
57,-1752
59,-1772
61,-1790
63,-1813
65,-1841
67,-1869
69,-1884
71,-1881
73,-1865
75,-1850
77,-1844
79,-1844
81,-1843
83,-1833
85,-1811
87,-1786
89,-1765
91,-1751
93,-1745
95,-1737
97,-1719
99,-1691
101,-1653
103,-1618
105,-1594
107,-1579
109,-1566
111,-1550
113,-1528
115,-1502
117,-1483
119,-1476
121,-1478
123,-1482
125,-1478
127,-1466
129,-1460
131,-1470
133,-1502
135,-1544
137,-1580
139,-1603
141,-1608
143,-1608
145,-1612
147,-1628
149,-1658
151,-1699
153,-1732
155,-1756
157,-1773
159,-1791
161,-1816
163,-1848
165,-1875
167,-1885
169,-1876
171,-1859
173,-1845
175,-1841
177,-1843
179,-1841
181,-1827
183,-1802
185,-1776
187,-1756
189,-1746
191,-1743
193,-1734
195,-1713
197,-1680
199,-1640
201,-1606
203,-1585
205,-1573
207,-1563
209,-1546
211,-1521
213,-1495
215,-1477
217,-1472
219,-1477
221,-1480
223,-1474
225,-1466
227,-1463
229,-1478
231,-1513
233,-1555
235,-1589
237,-1608
239,-1611
241,-1610
243,-1616
245,-1637
247,-1672
249,-1711
251,-1743
253,-1765
255,-1782
257,-1801
259,-1827
261,-1856
263,-1879
265,-1885
267,-1874
269,-1858
271,-1845
273,-1843
275,-1844
277,-1838
279,-1821
281,-1797
283,-1774
285,-1756
287,-1747
289,-1741
291,-1728
293,-1705
295,-1671
297,-1634
299,-1603
301,-1584
303,-1571
305,-1558
307,-1539
309,-1514
311,-1491
313,-1479
315,-1477
317,-1479
319,-1477
321,-1470
323,-1462
325,-1466
327,-1489
329,-1528
331,-1567
333,-1595
335,-1607
337,-1609
339,-1610
341,-1620
343,-1644
345,-1681
347,-1717
349,-1746
351,-1768
353,-1787
355,-1809
357,-1837
359,-1865
361,-1881
363,-1880
365,-1865
367,-1851
369,-1843
371,-1844
373,-1844
375,-1835
377,-1813
379,-1787
381,-1765
383,-1752
385,-1747
387,-1740
389,-1724
391,-1695
393,-1657
395,-1620
397,-1594
399,-1580
401,-1569
403,-1555
405,-1532
407,-1505
409,-1485
411,-1476
413,-1478
415,-1481
417,-1478
419,-1469
421,-1463
423,-1470
425,-1499
427,-1540
429,-1579
431,-1604
433,-1611
435,-1609
437,-1612
439,-1627
441,-1657
443,-1696
445,-1732
447,-1758
449,-1776
451,-1793
453,-1816
455,-1847
457,-1874
459,-1884
461,-1879
463,-1862
465,-1847
467,-1842
469,-1845
471,-1845
473,-1834
475,-1809
477,-1783
479,-1762
481,-1750
483,-1744
485,-1736
487,-1717
489,-1685
491,-1647
493,-1614
495,-1591
497,-1578
499,-1567
501,-1550
503,-1525
505,-1499
507,-1481
509,-1476
511,-1479
513,-1481
515,-1476
517,-1468
519,-1464
521,-1478
523,-1513
525,-1556
527,-1589
529,-1607
531,-1610
533,-1608
535,-1613
537,-1633
539,-1667
541,-1706
543,-1740
545,-1763
547,-1781
549,-1800
551,-1825
553,-1856
555,-1879
557,-1884
559,-1873
561,-1857
563,-1844
565,-1842
567,-1846
569,-1843
571,-1827
573,-1802
575,-1777
577,-1759
579,-1749
581,-1743
583,-1733
585,-1710
587,-1677
589,-1639
591,-1607
593,-1588
595,-1575
597,-1564
599,-1547
601,-1520
603,-1497
605,-1481
607,-1476
609,-1481
611,-1483
613,-1475
615,-1468
617,-1470
619,-1491
621,-1529
623,-1569
625,-1599
627,-1612
629,-1614
631,-1615
633,-1624
635,-1648
637,-1685
639,-1723
641,-1752
643,-1773
645,-1790
647,-1811
649,-1838
651,-1867
653,-1885
655,-1884
657,-1869
659,-1853
661,-1845
663,-1846
665,-1849
667,-1843
669,-1821
671,-1793
673,-1769
675,-1754
677,-1747
679,-1742
681,-1728
683,-1702
685,-1665
687,-1628
689,-1600
691,-1583
693,-1571
695,-1558
697,-1537
699,-1510
701,-1488
703,-1478
705,-1477
707,-1481
709,-1480
711,-1471
713,-1464
715,-1471
717,-1498
719,-1538
721,-1577
723,-1603
725,-1612
727,-1612
729,-1614
731,-1628
733,-1657
735,-1697
737,-1733
739,-1758
741,-1778
743,-1794
745,-1815
747,-1845
749,-1873
751,-1887
753,-1882
755,-1866
757,-1850
759,-1842
761,-1844
763,-1844
765,-1834
767,-1812
769,-1786
771,-1764
773,-1750
775,-1745
777,-1737
779,-1721
781,-1692
783,-1654
785,-1618
787,-1592
789,-1578
791,-1568
793,-1553
795,-1531
797,-1504
799,-1485
801,-1478
803,-1479
805,-1482
807,-1479
809,-1471
811,-1466
813,-1477
815,-1510
817,-1551
819,-1588
821,-1608
823,-1612
825,-1613
827,-1617
829,-1634
831,-1666
833,-1706
835,-1739
837,-1762
839,-1782
841,-1800
843,-1825
845,-1855
847,-1879
849,-1886
851,-1877
853,-1861
855,-1848
857,-1845
859,-1847
861,-1844
863,-1831
865,-1806
867,-1781
869,-1763
871,-1754
873,-1748
875,-1737
877,-1716
879,-1683
881,-1645
883,-1613
885,-1592
887,-1579
889,-1567
891,-1549
893,-1524
895,-1499
897,-1483
899,-1479
901,-1482
903,-1483
905,-1477
907,-1469
909,-1468
911,-1485
913,-1522
915,-1563
917,-1594
919,-1608
921,-1612
923,-1612
925,-1619
927,-1641
929,-1677
931,-1715
933,-1745
935,-1767
937,-1786
939,-1806
941,-1833
943,-1862
945,-1881
947,-1883
949,-1870
951,-1853
953,-1844
955,-1844
957,-1845
959,-1840
961,-1821
963,-1796
965,-1774
967,-1757
969,-1749
971,-1744
973,-1729
975,-1705
977,-1669
979,-1631
981,-1603
983,-1586
985,-1576
987,-1563
989,-1541
991,-1514
993,-1492
995,-1479
997,-1477
999,-1482
1001,-1481
1003,-1472
1005,-1465
1007,-1468
1009,-1494
1011,-1535
1013,-1575
1015,-1602
1017,-1613
1019,-1614
1021,-1616
1023,-1627
1025,-1654
1027,-1694
1029,-1730
1031,-1756
1033,-1776
1035,-1793
1037,-1816
1039,-1845
1041,-1873
1043,-1887
1045,-1882
1047,-1869
1049,-1854
1051,-1848
1053,-1850
1055,-1850
1057,-1839
1059,-1816
1061,-1790
1063,-1768
1065,-1756
1067,-1751
1069,-1744
1071,-1726
1073,-1696
1075,-1658
1077,-1624
1079,-1601
1081,-1586
1083,-1575
1085,-1558
1087,-1534
1089,-1507
1091,-1488
1093,-1480
1095,-1481
1097,-1485
1099,-1481
1101,-1470
1103,-1465
1105,-1474
1107,-1505
1109,-1548
1111,-1586
1113,-1607
1115,-1612
1117,-1611
1119,-1614
1121,-1631
1123,-1662
1125,-1701
1127,-1734
1129,-1758
1131,-1778
1133,-1796
1135,-1820
1137,-1851
1139,-1876
1141,-1885
1143,-1877
1145,-1860
1147,-1846
1149,-1842
1151,-1844
1153,-1844
1155,-1830
1157,-1804
1159,-1779
1161,-1761
1163,-1750
1165,-1746
1167,-1737
1169,-1717
1171,-1683
1173,-1644
1175,-1612
1177,-1590
1179,-1577
1181,-1566
1183,-1549
1185,-1524
1187,-1498
1189,-1481
1191,-1476
1193,-1481
1195,-1483
1197,-1476
1199,-1466
1201,-1463
1203,-1478
1205,-1514
1207,-1556
1209,-1590
1211,-1607
1213,-1611
1215,-1611
1217,-1617
1219,-1638
1221,-1673
1223,-1711
1225,-1742
1227,-1764
1229,-1783
1231,-1803
1233,-1829
1235,-1860
1237,-1880
1239,-1884
1241,-1875
1243,-1859
1245,-1848
1247,-1846
1249,-1847
1251,-1841
1253,-1822
1255,-1797
1257,-1776
1259,-1759
1261,-1751
1263,-1746
1265,-1733
1267,-1708
1269,-1672
1271,-1635
1273,-1606
1275,-1587
1277,-1575
1279,-1561
1281,-1541
1283,-1515
1285,-1493
1287,-1481
1289,-1479
1291,-1483
1293,-1481
1295,-1472
1297,-1463
1299,-1465
1301,-1489
1303,-1529
1305,-1569
1307,-1598
1309,-1611
1311,-1613
1313,-1613
1315,-1622
1317,-1647
1319,-1684
1321,-1720
1323,-1748
1325,-1769
1327,-1788
1329,-1810
1331,-1837
1333,-1865
1335,-1882
1337,-1881
1339,-1867
1341,-1850
1343,-1843
1345,-1843
1347,-1843
1349,-1833
1351,-1812
1353,-1787
1355,-1766
1357,-1751
1359,-1745
1361,-1738
1363,-1722
1365,-1694
1367,-1656
1369,-1621
1371,-1595
1373,-1580
1375,-1570
1377,-1554
1379,-1532
1381,-1506
1383,-1486
1385,-1477
1387,-1477
1389,-1480
1391,-1478
1393,-1470
1395,-1463
1397,-1470
1399,-1498
1401,-1540
1403,-1578
1405,-1603
1407,-1611
1409,-1611
1411,-1613
1413,-1626
1415,-1655
1417,-1692
1419,-1727
1421,-1755
1423,-1774
1425,-1793
1427,-1816
1429,-1845
1431,-1871
1433,-1883
1435,-1878
1437,-1862
1439,-1848
1441,-1842
1443,-1842
1445,-1841
1447,-1828
1449,-1806
1451,-1781
1453,-1762
1455,-1751
1457,-1746
1459,-1736
1461,-1715
1463,-1685
1465,-1647
1467,-1614
1469,-1591
1471,-1578
1473,-1567
1475,-1549
1477,-1523
1479,-1498
1481,-1480
1483,-1474
1485,-1478
1487,-1481
1489,-1476
1491,-1467
1493,-1464
1495,-1477
1497,-1512
1499,-1554
1501,-1588
1503,-1607
1505,-1610
1507,-1610
1509,-1615
1511,-1634
1513,-1667
1515,-1706
1517,-1738
1519,-1762
1521,-1781
1523,-1799
1525,-1824
1527,-1854
1529,-1877
1531,-1884
1533,-1874
1535,-1857
1537,-1846
1539,-1844
1541,-1846
1543,-1842
1545,-1825
1547,-1800
1549,-1775
1551,-1756
1553,-1748
1555,-1744
1557,-1732
1559,-1709
1561,-1675
1563,-1637
1565,-1606
1567,-1585
1569,-1574
1571,-1561
1573,-1543
1575,-1519
1577,-1495
1579,-1480
1581,-1477
1583,-1481
1585,-1482
1587,-1475
1589,-1466
1591,-1466
1593,-1486
1595,-1524
1597,-1565
1599,-1595
1601,-1610
1603,-1613
1605,-1613
1607,-1620
1609,-1642
1611,-1678
1613,-1715
1615,-1744
1617,-1766
1619,-1784
1621,-1806
1623,-1834
1625,-1862
1627,-1881
1629,-1882
1631,-1869
1633,-1853
1635,-1844
1637,-1844
1639,-1843
1641,-1835
1643,-1815
1645,-1791
1647,-1769
1649,-1753
1651,-1747
1653,-1740
1655,-1724
1657,-1699
1659,-1663
1661,-1626
1663,-1598
1665,-1582
1667,-1570
1669,-1557
1671,-1536
1673,-1509
1675,-1488
1677,-1478
1679,-1478
1681,-1482
1683,-1481
1685,-1473
1687,-1466
1689,-1471
1691,-1498
1693,-1538
1695,-1577
1697,-1603
1699,-1611
1701,-1610
1703,-1612
1705,-1624
1707,-1652
1709,-1692
1711,-1728
1713,-1754
1715,-1773
1717,-1790
1719,-1812
1721,-1841
1723,-1869
1725,-1884
1727,-1881
1729,-1866
1731,-1850
1733,-1845
1735,-1844
1737,-1843
1739,-1833
1741,-1811
1743,-1787
1745,-1766
1747,-1753
1749,-1747
1751,-1738
1753,-1720
1755,-1691
1757,-1654
1759,-1619
1761,-1595
1763,-1580
1765,-1569
1767,-1553
1769,-1530
1771,-1504
1773,-1485
1775,-1478
1777,-1479
1779,-1482
1781,-1478
1783,-1470
1785,-1466
1787,-1477
1789,-1510
1791,-1551
1793,-1586
1795,-1605
1797,-1610
1799,-1611
1801,-1616
1803,-1634
1805,-1666
1807,-1704
1809,-1737
1811,-1761
1813,-1780
1815,-1799
1817,-1824
1819,-1853
1821,-1877
1823,-1885
1825,-1876
1827,-1860
1829,-1849
1831,-1848
1833,-1849
1835,-1845
1837,-1829
1839,-1802
1841,-1777
1843,-1759
1845,-1751
1847,-1748
1849,-1738
1851,-1716
1853,-1681
1855,-1641
1857,-1609
1859,-1588
1861,-1577
1863,-1566
1865,-1549
1867,-1523
1869,-1498
1871,-1481
1873,-1477
1875,-1482
1877,-1485
1879,-1478
1881,-1469
1883,-1468
1885,-1486
1887,-1522
1889,-1563
1891,-1595
1893,-1611
1895,-1614
1897,-1614
1899,-1621
1901,-1642
1903,-1677
1905,-1714
1907,-1745
1909,-1766
1911,-1785
1913,-1806
1915,-1833
1917,-1862
1919,-1882
1921,-1884
1923,-1872
1925,-1855
1927,-1845
1929,-1845
1931,-1846
1933,-1839
1935,-1821
1937,-1794
1939,-1771
1941,-1756
1943,-1749
1945,-1744
1947,-1731
1949,-1706
1951,-1669
1953,-1631
1955,-1602
1957,-1585
1959,-1573
1961,-1559
1963,-1539
1965,-1513
1967,-1491
1969,-1479
1971,-1478
1973,-1482
1975,-1482
1977,-1473
1979,-1464
1981,-1467
1983,-1491
1985,-1532
1987,-1572
1989,-1599
1991,-1609
1993,-1610
1995,-1612
1997,-1624
1999,-1650

Data Start: 
-1703.00000,-1667.00000,-1629.00000,-1601.00000,-1584.00000,-1572.00000,-1558.00000,-1537.00000,-1512.00000,-1490.00000,-1478.00000,-1478.00000,-1482.00000,-1480.00000,-1471.00000,-1464.00000,-1468.00000,-1493.00000,-1534.00000,-1573.00000,-1600.00000,-1611.00000,-1611.00000,-1612.00000,-1623.00000,-1650.00000,-1688.00000,-1724.00000,-1752.00000,-1772.00000,-1790.00000,-1813.00000,-1841.00000,-1869.00000,-1884.00000,-1881.00000,-1865.00000,-1850.00000,-1844.00000,-1844.00000,-1843.00000,-1833.00000,-1811.00000,-1786.00000,-1765.00000,-1751.00000,-1745.00000,-1737.00000,-1719.00000,-1691.00000,-1653.00000,-1618.00000,-1594.00000,-1579.00000,-1566.00000,-1550.00000,-1528.00000,-1502.00000,-1483.00000,-1476.00000,-1478.00000,-1482.00000,-1478.00000,-1466.00000,-1460.00000,-1470.00000,-1502.00000,-1544.00000,-1580.00000,-1603.00000,-1608.00000,-1608.00000,-1612.00000,-1628.00000,-1658.00000,-1699.00000,-1732.00000,-1756.00000,-1773.00000,-1791.00000,-1816.00000,-1848.00000,-1875.00000,-1885.00000,-1876.00000,-1859.00000,-1845.00000,-1841.00000,-1843.00000,-1841.00000,-1827.00000,-1802.00000,-1776.00000,-1756.00000,-1746.00000,-1743.00000,-1734.00000,-1713.00000,-1680.00000,-1640.00000,-1606.00000,-1585.00000,-1573.00000,-1563.00000,-1546.00000,-1521.00000,-1495.00000,-1477.00000,-1472.00000,-1477.00000,-1480.00000,-1474.00000,-1466.00000,-1463.00000,-1478.00000,-1513.00000,-1555.00000,-1589.00000,-1608.00000,-1611.00000,-1610.00000,-1616.00000,-1637.00000,-1672.00000,-1711.00000,-1743.00000,-1765.00000,-1782.00000,-1801.00000,-1827.00000,-1856.00000,-1879.00000,-1885.00000,-1874.00000,-1858.00000,-1845.00000,-1843.00000,-1844.00000,-1838.00000,-1821.00000,-1797.00000,-1774.00000,-1756.00000,-1747.00000,-1741.00000,-1728.00000,-1705.00000,-1671.00000,-1634.00000,-1603.00000,-1584.00000,-1571.00000,-1558.00000,-1539.00000,-1514.00000,-1491.00000,-1479.00000,-1477.00000,-1479.00000,-1477.00000,-1470.00000,-1462.00000,-1466.00000,-1489.00000,-1528.00000,-1567.00000,-1595.00000,-1607.00000,-1609.00000,-1610.00000,-1620.00000,-1644.00000,-1681.00000,-1717.00000,-1746.00000,-1768.00000,-1787.00000,-1809.00000,-1837.00000,-1865.00000,-1881.00000,-1880.00000,-1865.00000,-1851.00000,-1843.00000,-1844.00000,-1844.00000,-1835.00000,-1813.00000,-1787.00000,-1765.00000,-1752.00000,-1747.00000,-1740.00000,-1724.00000,-1695.00000,-1657.00000,-1620.00000,-1594.00000,-1580.00000,-1569.00000,-1555.00000,-1532.00000,-1505.00000,-1485.00000,-1476.00000,-1478.00000,-1481.00000,-1478.00000,-1469.00000,-1463.00000,-1470.00000,-1499.00000,-1540.00000,-1579.00000,-1604.00000,-1611.00000,-1609.00000,-1612.00000,-1627.00000,-1657.00000,-1696.00000,-1732.00000,-1758.00000,-1776.00000,-1793.00000,-1816.00000,-1847.00000,-1874.00000,-1884.00000,-1879.00000,-1862.00000,-1847.00000,-1842.00000,-1845.00000,-1845.00000,-1834.00000,-1809.00000,-1783.00000,-1762.00000,-1750.00000,-1744.00000,-1736.00000,-1717.00000,-1685.00000,-1647.00000,-1614.00000,-1591.00000,-1578.00000,-1567.00000,-1550.00000,-1525.00000,-1499.00000,-1481.00000,-1476.00000,-1479.00000,-1481.00000,-1476.00000,-1468.00000,-1464.00000,-1478.00000,-1513.00000,-1556.00000,-1589.00000,-1607.00000,-1610.00000,-1608.00000,-1613.00000,-1633.00000,-1667.00000,-1706.00000,-1740.00000,-1763.00000,-1781.00000,-1800.00000,-1825.00000,-1856.00000,-1879.00000,-1884.00000,-1873.00000,-1857.00000,-1844.00000,-1842.00000,-1846.00000,-1843.00000,-1827.00000,-1802.00000,-1777.00000,-1759.00000,-1749.00000,-1743.00000,-1733.00000,-1710.00000,-1677.00000,-1639.00000,-1607.00000,-1588.00000,-1575.00000,-1564.00000,-1547.00000,-1520.00000,-1497.00000,-1481.00000,-1476.00000,-1481.00000,-1483.00000,-1475.00000,-1468.00000,-1470.00000,-1491.00000,-1529.00000,-1569.00000,-1599.00000,-1612.00000,-1614.00000,-1615.00000,-1624.00000,-1648.00000,-1685.00000,-1723.00000,-1752.00000,-1773.00000,-1790.00000,-1811.00000,-1838.00000,-1867.00000,-1885.00000,-1884.00000,-1869.00000,-1853.00000,-1845.00000,-1846.00000,-1849.00000,-1843.00000,-1821.00000,-1793.00000,-1769.00000,-1754.00000,-1747.00000,-1742.00000,-1728.00000,-1702.00000,-1665.00000,-1628.00000,-1600.00000,-1583.00000,-1571.00000,-1558.00000,-1537.00000,-1510.00000,-1488.00000,-1478.00000,-1477.00000,-1481.00000,-1480.00000,-1471.00000,-1464.00000,-1471.00000,-1498.00000,-1538.00000,-1577.00000,-1603.00000,-1612.00000,-1612.00000,-1614.00000,-1628.00000,-1657.00000,-1697.00000,-1733.00000,-1758.00000,-1778.00000,-1794.00000,-1815.00000,-1845.00000,-1873.00000,-1887.00000,-1882.00000,-1866.00000,-1850.00000,-1842.00000,-1844.00000,-1844.00000,-1834.00000,-1812.00000,-1786.00000,-1764.00000,-1750.00000,-1745.00000,-1737.00000,-1721.00000,-1692.00000,-1654.00000,-1618.00000,-1592.00000,-1578.00000,-1568.00000,-1553.00000,-1531.00000,-1504.00000,-1485.00000,-1478.00000,-1479.00000,-1482.00000,-1479.00000,-1471.00000,-1466.00000,-1477.00000,-1510.00000,-1551.00000,-1588.00000,-1608.00000,-1612.00000,-1613.00000,-1617.00000,-1634.00000,-1666.00000,-1706.00000,-1739.00000,-1762.00000,-1782.00000,-1800.00000,-1825.00000,-1855.00000,-1879.00000,-1886.00000,-1877.00000,-1861.00000,-1848.00000,-1845.00000,-1847.00000,-1844.00000,-1831.00000,-1806.00000,-1781.00000,-1763.00000,-1754.00000,-1748.00000,-1737.00000,-1716.00000,-1683.00000,-1645.00000,-1613.00000,-1592.00000,-1579.00000,-1567.00000,-1549.00000,-1524.00000,-1499.00000,-1483.00000,-1479.00000,-1482.00000,-1483.00000,-1477.00000,-1469.00000,-1468.00000,-1485.00000,-1522.00000,-1563.00000,-1594.00000,-1608.00000,-1612.00000,-1612.00000,-1619.00000,-1641.00000,-1677.00000,-1715.00000,-1745.00000,-1767.00000,-1786.00000,-1806.00000,-1833.00000,-1862.00000,-1881.00000,-1883.00000,-1870.00000,-1853.00000,-1844.00000,-1844.00000,-1845.00000,-1840.00000,-1821.00000,-1796.00000,-1774.00000,-1757.00000,-1749.00000,-1744.00000,-1729.00000,-1705.00000,-1669.00000,-1631.00000,-1603.00000,-1586.00000,-1576.00000,-1563.00000,-1541.00000,-1514.00000,-1492.00000,-1479.00000,-1477.00000,-1482.00000,-1481.00000,-1472.00000,-1465.00000,-1468.00000,-1494.00000,-1535.00000,-1575.00000,-1602.00000,-1613.00000,-1614.00000,-1616.00000,-1627.00000,-1654.00000,-1694.00000,-1730.00000,-1756.00000,-1776.00000,-1793.00000,-1816.00000,-1845.00000,-1873.00000,-1887.00000,-1882.00000,-1869.00000,-1854.00000,-1848.00000,-1850.00000,-1850.00000,-1839.00000,-1816.00000,-1790.00000,-1768.00000,-1756.00000,-1751.00000,-1744.00000,-1726.00000,-1696.00000,-1658.00000,-1624.00000,-1601.00000,-1586.00000,-1575.00000,-1558.00000,-1534.00000,-1507.00000,-1488.00000,-1480.00000,-1481.00000,-1485.00000,-1481.00000,-1470.00000,-1465.00000,-1474.00000,-1505.00000,-1548.00000,-1586.00000,-1607.00000,-1612.00000,-1611.00000,-1614.00000,-1631.00000,-1662.00000,-1701.00000,-1734.00000,-1758.00000,-1778.00000,-1796.00000,-1820.00000,-1851.00000,-1876.00000,-1885.00000,-1877.00000,-1860.00000,-1846.00000,-1842.00000,-1844.00000,-1844.00000,-1830.00000,-1804.00000,-1779.00000,-1761.00000,-1750.00000,-1746.00000,-1737.00000,-1717.00000,-1683.00000,-1644.00000,-1612.00000,-1590.00000,-1577.00000,-1566.00000,-1549.00000,-1524.00000,-1498.00000,-1481.00000,-1476.00000,-1481.00000,-1483.00000,-1476.00000,-1466.00000,-1463.00000,-1478.00000,-1514.00000,-1556.00000,-1590.00000,-1607.00000,-1611.00000,-1611.00000,-1617.00000,-1638.00000,-1673.00000,-1711.00000,-1742.00000,-1764.00000,-1783.00000,-1803.00000,-1829.00000,-1860.00000,-1880.00000,-1884.00000,-1875.00000,-1859.00000,-1848.00000,-1846.00000,-1847.00000,-1841.00000,-1822.00000,-1797.00000,-1776.00000,-1759.00000,-1751.00000,-1746.00000,-1733.00000,-1708.00000,-1672.00000,-1635.00000,-1606.00000,-1587.00000,-1575.00000,-1561.00000,-1541.00000,-1515.00000,-1493.00000,-1481.00000,-1479.00000,-1483.00000,-1481.00000,-1472.00000,-1463.00000,-1465.00000,-1489.00000,-1529.00000,-1569.00000,-1598.00000,-1611.00000,-1613.00000,-1613.00000,-1622.00000,-1647.00000,-1684.00000,-1720.00000,-1748.00000,-1769.00000,-1788.00000,-1810.00000,-1837.00000,-1865.00000,-1882.00000,-1881.00000,-1867.00000,-1850.00000,-1843.00000,-1843.00000,-1843.00000,-1833.00000,-1812.00000,-1787.00000,-1766.00000,-1751.00000,-1745.00000,-1738.00000,-1722.00000,-1694.00000,-1656.00000,-1621.00000,-1595.00000,-1580.00000,-1570.00000,-1554.00000,-1532.00000,-1506.00000,-1486.00000,-1477.00000,-1477.00000,-1480.00000,-1478.00000,-1470.00000,-1463.00000,-1470.00000,-1498.00000,-1540.00000,-1578.00000,-1603.00000,-1611.00000,-1611.00000,-1613.00000,-1626.00000,-1655.00000,-1692.00000,-1727.00000,-1755.00000,-1774.00000,-1793.00000,-1816.00000,-1845.00000,-1871.00000,-1883.00000,-1878.00000,-1862.00000,-1848.00000,-1842.00000,-1842.00000,-1841.00000,-1828.00000,-1806.00000,-1781.00000,-1762.00000,-1751.00000,-1746.00000,-1736.00000,-1715.00000,-1685.00000,-1647.00000,-1614.00000,-1591.00000,-1578.00000,-1567.00000,-1549.00000,-1523.00000,-1498.00000,-1480.00000,-1474.00000,-1478.00000,-1481.00000,-1476.00000,-1467.00000,-1464.00000,-1477.00000,-1512.00000,-1554.00000,-1588.00000,-1607.00000,-1610.00000,-1610.00000,-1615.00000,-1634.00000,-1667.00000,-1706.00000,-1738.00000,-1762.00000,-1781.00000,-1799.00000,-1824.00000,-1854.00000,-1877.00000,-1884.00000,-1874.00000,-1857.00000,-1846.00000,-1844.00000,-1846.00000,-1842.00000,-1825.00000,-1800.00000,-1775.00000,-1756.00000,-1748.00000,-1744.00000,-1732.00000,-1709.00000,-1675.00000,-1637.00000,-1606.00000,-1585.00000,-1574.00000,-1561.00000,-1543.00000,-1519.00000,-1495.00000,-1480.00000,-1477.00000,-1481.00000,-1482.00000,-1475.00000,-1466.00000,-1466.00000,-1486.00000,-1524.00000,-1565.00000,-1595.00000,-1610.00000,-1613.00000,-1613.00000,-1620.00000,-1642.00000,-1678.00000,-1715.00000,-1744.00000,-1766.00000,-1784.00000,-1806.00000,-1834.00000,-1862.00000,-1881.00000,-1882.00000,-1869.00000,-1853.00000,-1844.00000,-1844.00000,-1843.00000,-1835.00000,-1815.00000,-1791.00000,-1769.00000,-1753.00000,-1747.00000,-1740.00000,-1724.00000,-1699.00000,-1663.00000,-1626.00000,-1598.00000,-1582.00000,-1570.00000,-1557.00000,-1536.00000,-1509.00000,-1488.00000,-1478.00000,-1478.00000,-1482.00000,-1481.00000,-1473.00000,-1466.00000,-1471.00000,-1498.00000,-1538.00000,-1577.00000,-1603.00000,-1611.00000,-1610.00000,-1612.00000,-1624.00000,-1652.00000,-1692.00000,-1728.00000,-1754.00000,-1773.00000,-1790.00000,-1812.00000,-1841.00000,-1869.00000,-1884.00000,-1881.00000,-1866.00000,-1850.00000,-1845.00000,-1844.00000,-1843.00000,-1833.00000,-1811.00000,-1787.00000,-1766.00000,-1753.00000,-1747.00000,-1738.00000,-1720.00000,-1691.00000,-1654.00000,-1619.00000,-1595.00000,-1580.00000,-1569.00000,-1553.00000,-1530.00000,-1504.00000,-1485.00000,-1478.00000,-1479.00000,-1482.00000,-1478.00000,-1470.00000,-1466.00000,-1477.00000,-1510.00000,-1551.00000,-1586.00000,-1605.00000,-1610.00000,-1611.00000,-1616.00000,-1634.00000,-1666.00000,-1704.00000,-1737.00000,-1761.00000,-1780.00000,-1799.00000,-1824.00000,-1853.00000,-1877.00000,-1885.00000,-1876.00000,-1860.00000,-1849.00000,-1848.00000,-1849.00000,-1845.00000,-1829.00000,-1802.00000,-1777.00000,-1759.00000,-1751.00000,-1748.00000,-1738.00000,-1716.00000,-1681.00000,-1641.00000,-1609.00000,-1588.00000,-1577.00000,-1566.00000,-1549.00000,-1523.00000,-1498.00000,-1481.00000,-1477.00000,-1482.00000,-1485.00000,-1478.00000,-1469.00000,-1468.00000,-1486.00000,-1522.00000,-1563.00000,-1595.00000,-1611.00000,-1614.00000,-1614.00000,-1621.00000,-1642.00000,-1677.00000,-1714.00000,-1745.00000,-1766.00000,-1785.00000,-1806.00000,-1833.00000,-1862.00000,-1882.00000,-1884.00000,-1872.00000,-1855.00000,-1845.00000,-1845.00000,-1846.00000,-1839.00000,-1821.00000,-1794.00000,-1771.00000,-1756.00000,-1749.00000,-1744.00000,-1731.00000,-1706.00000,-1669.00000,-1631.00000,-1602.00000,-1585.00000,-1573.00000,-1559.00000,-1539.00000,-1513.00000,-1491.00000,-1479.00000,-1478.00000,-1482.00000,-1482.00000,-1473.00000,-1464.00000,-1467.00000,-1491.00000,-1532.00000,-1572.00000,-1599.00000,-1609.00000,-1610.00000,-1612.00000,-1624.00000,-1650.00000,
Data End: 
DFT Start
DFT Finished
While Start 10

1 : Input started

Input finished
1,-1606
3,-1606
5,-1615
7,-1637
9,-1670
11,-1709
13,-1741
15,-1763
17,-1782
19,-1803
21,-1831
23,-1861
25,-1883
27,-1889
29,-1879
31,-1863
33,-1851
35,-1849
37,-1850
39,-1846
41,-1831
43,-1805
45,-1782
47,-1766
49,-1758
51,-1751
53,-1737
55,-1714
57,-1679
59,-1642
61,-1613
63,-1595
65,-1582
67,-1568
69,-1548
71,-1522
73,-1498
75,-1484
77,-1480
79,-1483
81,-1483
83,-1475
85,-1466
87,-1468
89,-1490
91,-1528
93,-1567
95,-1596
97,-1610
99,-1613
101,-1614
103,-1624
105,-1648
107,-1685
109,-1722
111,-1750
113,-1771
115,-1791
117,-1815
119,-1843
121,-1871
123,-1889
125,-1889
127,-1877
129,-1862
131,-1854
133,-1853
135,-1853
137,-1845
139,-1823
141,-1800
143,-1779
145,-1765
147,-1758
149,-1750
151,-1733
153,-1705
155,-1668
157,-1634
159,-1609
161,-1593
163,-1580
165,-1564
167,-1541
169,-1514
171,-1493
173,-1484
175,-1483
177,-1485
179,-1481
181,-1470
183,-1464
185,-1472
187,-1500
189,-1541
191,-1579
193,-1602
195,-1611
197,-1612
199,-1614
201,-1628
203,-1657
205,-1695
207,-1730
209,-1757
211,-1778
213,-1797
215,-1821
217,-1851
219,-1879
221,-1891
223,-1885
225,-1870
227,-1855
229,-1851
231,-1854
233,-1852
235,-1842
237,-1818
239,-1793
241,-1773
243,-1762
245,-1755
247,-1743
249,-1723
251,-1693
253,-1656
255,-1624
257,-1601
259,-1588
261,-1575
263,-1557
265,-1531
267,-1504
269,-1486
271,-1479
273,-1481
275,-1482
277,-1477
279,-1466
281,-1463
283,-1477
285,-1510
287,-1550
289,-1584
291,-1603
293,-1608
295,-1608
297,-1615
299,-1633
301,-1666
303,-1704
305,-1736
307,-1760
309,-1779
311,-1800
313,-1826
315,-1856
317,-1880
319,-1887
321,-1878
323,-1862
325,-1851
327,-1849
329,-1849
331,-1845
333,-1830
335,-1806
337,-1782
339,-1765
341,-1756
343,-1749
345,-1737
347,-1713
349,-1679
351,-1641
353,-1610
355,-1591
357,-1579
359,-1565
361,-1544
363,-1518
365,-1494
367,-1479
369,-1475
371,-1478
373,-1478
375,-1470
377,-1461
379,-1461
381,-1479
383,-1516
385,-1557
387,-1587
389,-1602
391,-1605
393,-1606
395,-1615
397,-1638
399,-1674
401,-1711
403,-1740
405,-1763
407,-1783
409,-1804
411,-1831
413,-1861
415,-1880
417,-1882
419,-1872
421,-1856
423,-1847
425,-1848
427,-1847
429,-1840
431,-1821
433,-1796
435,-1773
437,-1758
439,-1751
441,-1742
443,-1727
445,-1701
447,-1665
449,-1630
451,-1602
453,-1586
455,-1574
457,-1558
459,-1536
461,-1509
463,-1487
465,-1475
467,-1474
469,-1478
471,-1476
473,-1466
475,-1459
477,-1464
479,-1490
481,-1531
483,-1569
485,-1593
487,-1603
489,-1605
491,-1607
493,-1619
495,-1648
497,-1684
499,-1719
501,-1746
503,-1768
505,-1788
507,-1811
509,-1841
511,-1869
513,-1883
515,-1879
517,-1865
519,-1851
521,-1846
523,-1847
525,-1846
527,-1835
529,-1812
531,-1786
533,-1767
535,-1755
537,-1750
539,-1742
541,-1723
543,-1691
545,-1653
547,-1619
549,-1596
551,-1583
553,-1571
555,-1553
557,-1528
559,-1501
561,-1482
563,-1474
565,-1476
567,-1478
569,-1473
571,-1463
573,-1458
575,-1468
577,-1500
579,-1541
581,-1576
583,-1597
585,-1603
587,-1602
589,-1607
591,-1625
593,-1656
595,-1695
597,-1729
599,-1753
601,-1771
603,-1793
605,-1819
607,-1849
609,-1874
611,-1883
613,-1875
615,-1860
617,-1848
619,-1845
621,-1847
623,-1844
625,-1830
627,-1805
629,-1781
631,-1762
633,-1752
635,-1747
637,-1737
639,-1714
641,-1681
643,-1643
645,-1611
647,-1588
649,-1575
651,-1563
653,-1544
655,-1521
657,-1497
659,-1480
661,-1475
663,-1477
665,-1477
667,-1470
669,-1461
671,-1461
673,-1479
675,-1515
677,-1555
679,-1586
681,-1600
683,-1604
685,-1607
687,-1617
689,-1639
691,-1673
693,-1709
695,-1738
697,-1760
699,-1781
701,-1804
703,-1831
705,-1862
707,-1881
709,-1883
711,-1873
713,-1859
715,-1851
717,-1851
719,-1852
721,-1845
723,-1825
725,-1798
727,-1776
729,-1761
731,-1754
733,-1749
735,-1734
737,-1708
739,-1671
741,-1635
743,-1607
745,-1590
747,-1579
749,-1564
751,-1543
753,-1516
755,-1491
757,-1478
759,-1477
761,-1481
763,-1480
765,-1470
767,-1462
769,-1465
771,-1487
773,-1527
775,-1568
777,-1595
779,-1607
781,-1608
783,-1609
785,-1620
787,-1647
789,-1684
791,-1721
793,-1748
795,-1768
797,-1787
799,-1811
801,-1841
803,-1870
805,-1886
807,-1882
809,-1869
811,-1854
813,-1848
815,-1849
817,-1850
819,-1842
821,-1820
823,-1792
825,-1770
827,-1757
829,-1751
831,-1744
833,-1727
835,-1698
837,-1660
839,-1624
841,-1599
843,-1584
845,-1573
847,-1558
849,-1536
851,-1508
853,-1485
855,-1475
857,-1475
859,-1477
861,-1474
863,-1466
865,-1463
867,-1471
869,-1499
871,-1538
873,-1575
875,-1598
877,-1605
879,-1605
881,-1610
883,-1625
885,-1655
887,-1693
889,-1727
891,-1753
893,-1774
895,-1794
897,-1818
899,-1847
901,-1873
903,-1882
905,-1877
907,-1862
909,-1849
911,-1845
913,-1847
915,-1846
917,-1833
919,-1809
921,-1784
923,-1763
925,-1752
927,-1748
929,-1738
931,-1718
933,-1686
935,-1647
937,-1614
939,-1592
941,-1579
943,-1568
945,-1550
947,-1524
949,-1498
951,-1480
953,-1474
955,-1475
957,-1476
959,-1470
961,-1462
963,-1459
965,-1473
967,-1508
969,-1549
971,-1583
973,-1600
975,-1603
977,-1603
979,-1609
981,-1630
983,-1665
985,-1703
987,-1735
989,-1760
991,-1780
993,-1800
995,-1826
997,-1855
999,-1877
1001,-1881
1003,-1871
1005,-1856
1007,-1847
1009,-1847
1011,-1849
1013,-1844
1015,-1828
1017,-1802
1019,-1778
1021,-1761
1023,-1752
1025,-1746
1027,-1734
1029,-1709
1031,-1676
1033,-1639
1035,-1609
1037,-1590
1039,-1578
1041,-1565
1043,-1544
1045,-1518
1047,-1493
1049,-1478
1051,-1475
1053,-1478
1055,-1478
1057,-1470
1059,-1461
1061,-1462
1063,-1483
1065,-1521
1067,-1560
1069,-1588
1071,-1603
1073,-1606
1075,-1606
1077,-1617
1079,-1641
1081,-1679
1083,-1716
1085,-1745
1087,-1767
1089,-1785
1091,-1807
1093,-1835
1095,-1864
1097,-1883
1099,-1883
1101,-1869
1103,-1855
1105,-1847
1107,-1847
1109,-1848
1111,-1841
1113,-1822
1115,-1796
1117,-1774
1119,-1760
1121,-1753
1123,-1745
1125,-1728
1127,-1702
1129,-1666
1131,-1631
1133,-1604
1135,-1586
1137,-1575
1139,-1561
1141,-1539
1143,-1512
1145,-1491
1147,-1480
1149,-1478
1151,-1480
1153,-1477
1155,-1468
1157,-1462
1159,-1468
1161,-1497
1163,-1538
1165,-1574
1167,-1599
1169,-1608
1171,-1609
1173,-1612
1175,-1626
1177,-1656
1179,-1695
1181,-1731
1183,-1757
1185,-1777
1187,-1797
1189,-1820
1191,-1850
1193,-1877
1195,-1889
1197,-1884
1199,-1869
1201,-1854
1203,-1850
1205,-1852
1207,-1852
1209,-1842
1211,-1820
1213,-1793
1215,-1772
1217,-1758
1219,-1752
1221,-1744
1223,-1726
1225,-1696
1227,-1659
1229,-1625
1231,-1601
1233,-1588
1235,-1576
1237,-1559
1239,-1535
1241,-1508
1243,-1489
1245,-1480
1247,-1481
1249,-1483
1251,-1478
1253,-1469
1255,-1465
1257,-1478
1259,-1511
1261,-1553
1263,-1587
1265,-1605
1267,-1610
1269,-1612
1271,-1617
1273,-1634
1275,-1667
1277,-1707
1279,-1740
1281,-1765
1283,-1784
1285,-1803
1287,-1828
1289,-1858
1291,-1882
1293,-1891
1295,-1883
1297,-1867
1299,-1855
1301,-1852
1303,-1852
1305,-1849
1307,-1835
1309,-1811
1311,-1787
1313,-1768
1315,-1758
1317,-1752
1319,-1741
1321,-1720
1323,-1688
1325,-1651
1327,-1620
1329,-1599
1331,-1585
1333,-1571
1335,-1552
1337,-1527
1339,-1501
1341,-1485
1343,-1482
1345,-1483
1347,-1482
1349,-1476
1351,-1468
1353,-1468
1355,-1488
1357,-1524
1359,-1562
1361,-1592
1363,-1607
1365,-1611
1367,-1612
1369,-1621
1371,-1644
1373,-1681
1375,-1719
1377,-1749
1379,-1771
1381,-1788
1383,-1809
1385,-1837
1387,-1868
1389,-1887
1391,-1889
1393,-1877
1395,-1861
1397,-1853
1399,-1853
1401,-1855
1403,-1849
1405,-1829
1407,-1805
1409,-1782
1411,-1766
1413,-1758
1415,-1750
1417,-1735
1419,-1711
1421,-1676
1423,-1638
1425,-1610
1427,-1592
1429,-1580
1431,-1566
1433,-1546
1435,-1519
1437,-1496
1439,-1484
1441,-1480
1443,-1483
1445,-1482
1447,-1472
1449,-1465
1451,-1469
1453,-1494
1455,-1534
1457,-1573
1459,-1599
1461,-1610
1463,-1612
1465,-1614
1467,-1628
1469,-1654
1471,-1691
1473,-1727
1475,-1754
1477,-1775
1479,-1793
1481,-1818
1483,-1848
1485,-1876
1487,-1890
1489,-1886
1491,-1870
1493,-1855
1495,-1849
1497,-1852
1499,-1853
1501,-1843
1503,-1820
1505,-1795
1507,-1774
1509,-1760
1511,-1754
1513,-1746
1515,-1728
1517,-1698
1519,-1659
1521,-1625
1523,-1601
1525,-1588
1527,-1576
1529,-1559
1531,-1535
1533,-1508
1535,-1487
1537,-1478
1539,-1479
1541,-1482
1543,-1477
1545,-1466
1547,-1462
1549,-1472
1551,-1502
1553,-1543
1555,-1580
1557,-1600
1559,-1607
1561,-1606
1563,-1610
1565,-1628
1567,-1661
1569,-1699
1571,-1732
1573,-1757
1575,-1776
1577,-1796
1579,-1820
1581,-1850
1583,-1876
1585,-1887
1587,-1880
1589,-1865
1591,-1851
1593,-1848
1595,-1850
1597,-1847
1599,-1833
1601,-1808
1603,-1784
1605,-1766
1607,-1755
1609,-1749
1611,-1738
1613,-1718
1615,-1686
1617,-1648
1619,-1617
1621,-1594
1623,-1579
1625,-1567
1627,-1549
1629,-1522
1631,-1497
1633,-1480
1635,-1473
1637,-1475
1639,-1478
1641,-1472
1643,-1462
1645,-1460
1647,-1476
1649,-1511
1651,-1552
1653,-1585
1655,-1602
1657,-1605
1659,-1605
1661,-1612
1663,-1633
1665,-1667
1667,-1707
1669,-1739
1671,-1762
1673,-1781
1675,-1801
1677,-1828
1679,-1857
1681,-1879
1683,-1884
1685,-1874
1687,-1858
1689,-1848
1691,-1847
1693,-1847
1695,-1841
1697,-1824
1699,-1800
1701,-1777
1703,-1760
1705,-1751
1707,-1742
1709,-1728
1711,-1705
1713,-1671
1715,-1634
1717,-1605
1719,-1586
1721,-1573
1723,-1560
1725,-1540
1727,-1513
1729,-1490
1731,-1476
1733,-1473
1735,-1476
1737,-1475
1739,-1466
1741,-1458
1743,-1461
1745,-1482
1747,-1522
1749,-1561
1751,-1588
1753,-1602
1755,-1604
1757,-1605
1759,-1615
1761,-1640
1763,-1678
1765,-1715
1767,-1743
1769,-1763
1771,-1782
1773,-1805
1775,-1833
1777,-1862
1779,-1879
1781,-1879
1783,-1867
1785,-1852
1787,-1844
1789,-1843
1791,-1843
1793,-1835
1795,-1814
1797,-1789
1799,-1766
1801,-1753
1803,-1747
1805,-1739
1807,-1722
1809,-1694
1811,-1656
1813,-1621
1815,-1595
1817,-1580
1819,-1570
1821,-1555
1823,-1531
1825,-1504
1827,-1482
1829,-1472
1831,-1472
1833,-1476
1835,-1473
1837,-1464
1839,-1456
1841,-1463
1843,-1492
1845,-1533
1847,-1572
1849,-1596
1851,-1603
1853,-1603
1855,-1605
1857,-1619
1859,-1649
1861,-1689
1863,-1724
1865,-1750
1867,-1771
1869,-1790
1871,-1814
1873,-1842
1875,-1868
1877,-1880
1879,-1876
1881,-1863
1883,-1851
1885,-1846
1887,-1846
1889,-1844
1891,-1831
1893,-1809
1895,-1785
1897,-1764
1899,-1753
1901,-1747
1903,-1735
1905,-1714
1907,-1683
1909,-1647
1911,-1615
1913,-1594
1915,-1581
1917,-1566
1919,-1547
1921,-1522
1923,-1496
1925,-1478
1927,-1471
1929,-1474
1931,-1476
1933,-1471
1935,-1462
1937,-1459
1939,-1473
1941,-1507
1943,-1548
1945,-1581
1947,-1599
1949,-1602
1951,-1602
1953,-1609
1955,-1628
1957,-1662
1959,-1702
1961,-1734
1963,-1757
1965,-1777
1967,-1798
1969,-1824
1971,-1855
1973,-1877
1975,-1884
1977,-1875
1979,-1860
1981,-1849
1983,-1847
1985,-1850
1987,-1844
1989,-1827
1991,-1803
1993,-1779
1995,-1762
1997,-1753
1999,-1747

Data Start: 
-1606.00000,-1606.00000,-1615.00000,-1637.00000,-1670.00000,-1709.00000,-1741.00000,-1763.00000,-1782.00000,-1803.00000,-1831.00000,-1861.00000,-1883.00000,-1889.00000,-1879.00000,-1863.00000,-1851.00000,-1849.00000,-1850.00000,-1846.00000,-1831.00000,-1805.00000,-1782.00000,-1766.00000,-1758.00000,-1751.00000,-1737.00000,-1714.00000,-1679.00000,-1642.00000,-1613.00000,-1595.00000,-1582.00000,-1568.00000,-1548.00000,-1522.00000,-1498.00000,-1484.00000,-1480.00000,-1483.00000,-1483.00000,-1475.00000,-1466.00000,-1468.00000,-1490.00000,-1528.00000,-1567.00000,-1596.00000,-1610.00000,-1613.00000,-1614.00000,-1624.00000,-1648.00000,-1685.00000,-1722.00000,-1750.00000,-1771.00000,-1791.00000,-1815.00000,-1843.00000,-1871.00000,-1889.00000,-1889.00000,-1877.00000,-1862.00000,-1854.00000,-1853.00000,-1853.00000,-1845.00000,-1823.00000,-1800.00000,-1779.00000,-1765.00000,-1758.00000,-1750.00000,-1733.00000,-1705.00000,-1668.00000,-1634.00000,-1609.00000,-1593.00000,-1580.00000,-1564.00000,-1541.00000,-1514.00000,-1493.00000,-1484.00000,-1483.00000,-1485.00000,-1481.00000,-1470.00000,-1464.00000,-1472.00000,-1500.00000,-1541.00000,-1579.00000,-1602.00000,-1611.00000,-1612.00000,-1614.00000,-1628.00000,-1657.00000,-1695.00000,-1730.00000,-1757.00000,-1778.00000,-1797.00000,-1821.00000,-1851.00000,-1879.00000,-1891.00000,-1885.00000,-1870.00000,-1855.00000,-1851.00000,-1854.00000,-1852.00000,-1842.00000,-1818.00000,-1793.00000,-1773.00000,-1762.00000,-1755.00000,-1743.00000,-1723.00000,-1693.00000,-1656.00000,-1624.00000,-1601.00000,-1588.00000,-1575.00000,-1557.00000,-1531.00000,-1504.00000,-1486.00000,-1479.00000,-1481.00000,-1482.00000,-1477.00000,-1466.00000,-1463.00000,-1477.00000,-1510.00000,-1550.00000,-1584.00000,-1603.00000,-1608.00000,-1608.00000,-1615.00000,-1633.00000,-1666.00000,-1704.00000,-1736.00000,-1760.00000,-1779.00000,-1800.00000,-1826.00000,-1856.00000,-1880.00000,-1887.00000,-1878.00000,-1862.00000,-1851.00000,-1849.00000,-1849.00000,-1845.00000,-1830.00000,-1806.00000,-1782.00000,-1765.00000,-1756.00000,-1749.00000,-1737.00000,-1713.00000,-1679.00000,-1641.00000,-1610.00000,-1591.00000,-1579.00000,-1565.00000,-1544.00000,-1518.00000,-1494.00000,-1479.00000,-1475.00000,-1478.00000,-1478.00000,-1470.00000,-1461.00000,-1461.00000,-1479.00000,-1516.00000,-1557.00000,-1587.00000,-1602.00000,-1605.00000,-1606.00000,-1615.00000,-1638.00000,-1674.00000,-1711.00000,-1740.00000,-1763.00000,-1783.00000,-1804.00000,-1831.00000,-1861.00000,-1880.00000,-1882.00000,-1872.00000,-1856.00000,-1847.00000,-1848.00000,-1847.00000,-1840.00000,-1821.00000,-1796.00000,-1773.00000,-1758.00000,-1751.00000,-1742.00000,-1727.00000,-1701.00000,-1665.00000,-1630.00000,-1602.00000,-1586.00000,-1574.00000,-1558.00000,-1536.00000,-1509.00000,-1487.00000,-1475.00000,-1474.00000,-1478.00000,-1476.00000,-1466.00000,-1459.00000,-1464.00000,-1490.00000,-1531.00000,-1569.00000,-1593.00000,-1603.00000,-1605.00000,-1607.00000,-1619.00000,-1648.00000,-1684.00000,-1719.00000,-1746.00000,-1768.00000,-1788.00000,-1811.00000,-1841.00000,-1869.00000,-1883.00000,-1879.00000,-1865.00000,-1851.00000,-1846.00000,-1847.00000,-1846.00000,-1835.00000,-1812.00000,-1786.00000,-1767.00000,-1755.00000,-1750.00000,-1742.00000,-1723.00000,-1691.00000,-1653.00000,-1619.00000,-1596.00000,-1583.00000,-1571.00000,-1553.00000,-1528.00000,-1501.00000,-1482.00000,-1474.00000,-1476.00000,-1478.00000,-1473.00000,-1463.00000,-1458.00000,-1468.00000,-1500.00000,-1541.00000,-1576.00000,-1597.00000,-1603.00000,-1602.00000,-1607.00000,-1625.00000,-1656.00000,-1695.00000,-1729.00000,-1753.00000,-1771.00000,-1793.00000,-1819.00000,-1849.00000,-1874.00000,-1883.00000,-1875.00000,-1860.00000,-1848.00000,-1845.00000,-1847.00000,-1844.00000,-1830.00000,-1805.00000,-1781.00000,-1762.00000,-1752.00000,-1747.00000,-1737.00000,-1714.00000,-1681.00000,-1643.00000,-1611.00000,-1588.00000,-1575.00000,-1563.00000,-1544.00000,-1521.00000,-1497.00000,-1480.00000,-1475.00000,-1477.00000,-1477.00000,-1470.00000,-1461.00000,-1461.00000,-1479.00000,-1515.00000,-1555.00000,-1586.00000,-1600.00000,-1604.00000,-1607.00000,-1617.00000,-1639.00000,-1673.00000,-1709.00000,-1738.00000,-1760.00000,-1781.00000,-1804.00000,-1831.00000,-1862.00000,-1881.00000,-1883.00000,-1873.00000,-1859.00000,-1851.00000,-1851.00000,-1852.00000,-1845.00000,-1825.00000,-1798.00000,-1776.00000,-1761.00000,-1754.00000,-1749.00000,-1734.00000,-1708.00000,-1671.00000,-1635.00000,-1607.00000,-1590.00000,-1579.00000,-1564.00000,-1543.00000,-1516.00000,-1491.00000,-1478.00000,-1477.00000,-1481.00000,-1480.00000,-1470.00000,-1462.00000,-1465.00000,-1487.00000,-1527.00000,-1568.00000,-1595.00000,-1607.00000,-1608.00000,-1609.00000,-1620.00000,-1647.00000,-1684.00000,-1721.00000,-1748.00000,-1768.00000,-1787.00000,-1811.00000,-1841.00000,-1870.00000,-1886.00000,-1882.00000,-1869.00000,-1854.00000,-1848.00000,-1849.00000,-1850.00000,-1842.00000,-1820.00000,-1792.00000,-1770.00000,-1757.00000,-1751.00000,-1744.00000,-1727.00000,-1698.00000,-1660.00000,-1624.00000,-1599.00000,-1584.00000,-1573.00000,-1558.00000,-1536.00000,-1508.00000,-1485.00000,-1475.00000,-1475.00000,-1477.00000,-1474.00000,-1466.00000,-1463.00000,-1471.00000,-1499.00000,-1538.00000,-1575.00000,-1598.00000,-1605.00000,-1605.00000,-1610.00000,-1625.00000,-1655.00000,-1693.00000,-1727.00000,-1753.00000,-1774.00000,-1794.00000,-1818.00000,-1847.00000,-1873.00000,-1882.00000,-1877.00000,-1862.00000,-1849.00000,-1845.00000,-1847.00000,-1846.00000,-1833.00000,-1809.00000,-1784.00000,-1763.00000,-1752.00000,-1748.00000,-1738.00000,-1718.00000,-1686.00000,-1647.00000,-1614.00000,-1592.00000,-1579.00000,-1568.00000,-1550.00000,-1524.00000,-1498.00000,-1480.00000,-1474.00000,-1475.00000,-1476.00000,-1470.00000,-1462.00000,-1459.00000,-1473.00000,-1508.00000,-1549.00000,-1583.00000,-1600.00000,-1603.00000,-1603.00000,-1609.00000,-1630.00000,-1665.00000,-1703.00000,-1735.00000,-1760.00000,-1780.00000,-1800.00000,-1826.00000,-1855.00000,-1877.00000,-1881.00000,-1871.00000,-1856.00000,-1847.00000,-1847.00000,-1849.00000,-1844.00000,-1828.00000,-1802.00000,-1778.00000,-1761.00000,-1752.00000,-1746.00000,-1734.00000,-1709.00000,-1676.00000,-1639.00000,-1609.00000,-1590.00000,-1578.00000,-1565.00000,-1544.00000,-1518.00000,-1493.00000,-1478.00000,-1475.00000,-1478.00000,-1478.00000,-1470.00000,-1461.00000,-1462.00000,-1483.00000,-1521.00000,-1560.00000,-1588.00000,-1603.00000,-1606.00000,-1606.00000,-1617.00000,-1641.00000,-1679.00000,-1716.00000,-1745.00000,-1767.00000,-1785.00000,-1807.00000,-1835.00000,-1864.00000,-1883.00000,-1883.00000,-1869.00000,-1855.00000,-1847.00000,-1847.00000,-1848.00000,-1841.00000,-1822.00000,-1796.00000,-1774.00000,-1760.00000,-1753.00000,-1745.00000,-1728.00000,-1702.00000,-1666.00000,-1631.00000,-1604.00000,-1586.00000,-1575.00000,-1561.00000,-1539.00000,-1512.00000,-1491.00000,-1480.00000,-1478.00000,-1480.00000,-1477.00000,-1468.00000,-1462.00000,-1468.00000,-1497.00000,-1538.00000,-1574.00000,-1599.00000,-1608.00000,-1609.00000,-1612.00000,-1626.00000,-1656.00000,-1695.00000,-1731.00000,-1757.00000,-1777.00000,-1797.00000,-1820.00000,-1850.00000,-1877.00000,-1889.00000,-1884.00000,-1869.00000,-1854.00000,-1850.00000,-1852.00000,-1852.00000,-1842.00000,-1820.00000,-1793.00000,-1772.00000,-1758.00000,-1752.00000,-1744.00000,-1726.00000,-1696.00000,-1659.00000,-1625.00000,-1601.00000,-1588.00000,-1576.00000,-1559.00000,-1535.00000,-1508.00000,-1489.00000,-1480.00000,-1481.00000,-1483.00000,-1478.00000,-1469.00000,-1465.00000,-1478.00000,-1511.00000,-1553.00000,-1587.00000,-1605.00000,-1610.00000,-1612.00000,-1617.00000,-1634.00000,-1667.00000,-1707.00000,-1740.00000,-1765.00000,-1784.00000,-1803.00000,-1828.00000,-1858.00000,-1882.00000,-1891.00000,-1883.00000,-1867.00000,-1855.00000,-1852.00000,-1852.00000,-1849.00000,-1835.00000,-1811.00000,-1787.00000,-1768.00000,-1758.00000,-1752.00000,-1741.00000,-1720.00000,-1688.00000,-1651.00000,-1620.00000,-1599.00000,-1585.00000,-1571.00000,-1552.00000,-1527.00000,-1501.00000,-1485.00000,-1482.00000,-1483.00000,-1482.00000,-1476.00000,-1468.00000,-1468.00000,-1488.00000,-1524.00000,-1562.00000,-1592.00000,-1607.00000,-1611.00000,-1612.00000,-1621.00000,-1644.00000,-1681.00000,-1719.00000,-1749.00000,-1771.00000,-1788.00000,-1809.00000,-1837.00000,-1868.00000,-1887.00000,-1889.00000,-1877.00000,-1861.00000,-1853.00000,-1853.00000,-1855.00000,-1849.00000,-1829.00000,-1805.00000,-1782.00000,-1766.00000,-1758.00000,-1750.00000,-1735.00000,-1711.00000,-1676.00000,-1638.00000,-1610.00000,-1592.00000,-1580.00000,-1566.00000,-1546.00000,-1519.00000,-1496.00000,-1484.00000,-1480.00000,-1483.00000,-1482.00000,-1472.00000,-1465.00000,-1469.00000,-1494.00000,-1534.00000,-1573.00000,-1599.00000,-1610.00000,-1612.00000,-1614.00000,-1628.00000,-1654.00000,-1691.00000,-1727.00000,-1754.00000,-1775.00000,-1793.00000,-1818.00000,-1848.00000,-1876.00000,-1890.00000,-1886.00000,-1870.00000,-1855.00000,-1849.00000,-1852.00000,-1853.00000,-1843.00000,-1820.00000,-1795.00000,-1774.00000,-1760.00000,-1754.00000,-1746.00000,-1728.00000,-1698.00000,-1659.00000,-1625.00000,-1601.00000,-1588.00000,-1576.00000,-1559.00000,-1535.00000,-1508.00000,-1487.00000,-1478.00000,-1479.00000,-1482.00000,-1477.00000,-1466.00000,-1462.00000,-1472.00000,-1502.00000,-1543.00000,-1580.00000,-1600.00000,-1607.00000,-1606.00000,-1610.00000,-1628.00000,-1661.00000,-1699.00000,-1732.00000,-1757.00000,-1776.00000,-1796.00000,-1820.00000,-1850.00000,-1876.00000,-1887.00000,-1880.00000,-1865.00000,-1851.00000,-1848.00000,-1850.00000,-1847.00000,-1833.00000,-1808.00000,-1784.00000,-1766.00000,-1755.00000,-1749.00000,-1738.00000,-1718.00000,-1686.00000,-1648.00000,-1617.00000,-1594.00000,-1579.00000,-1567.00000,-1549.00000,-1522.00000,-1497.00000,-1480.00000,-1473.00000,-1475.00000,-1478.00000,-1472.00000,-1462.00000,-1460.00000,-1476.00000,-1511.00000,-1552.00000,-1585.00000,-1602.00000,-1605.00000,-1605.00000,-1612.00000,-1633.00000,-1667.00000,-1707.00000,-1739.00000,-1762.00000,-1781.00000,-1801.00000,-1828.00000,-1857.00000,-1879.00000,-1884.00000,-1874.00000,-1858.00000,-1848.00000,-1847.00000,-1847.00000,-1841.00000,-1824.00000,-1800.00000,-1777.00000,-1760.00000,-1751.00000,-1742.00000,-1728.00000,-1705.00000,-1671.00000,-1634.00000,-1605.00000,-1586.00000,-1573.00000,-1560.00000,-1540.00000,-1513.00000,-1490.00000,-1476.00000,-1473.00000,-1476.00000,-1475.00000,-1466.00000,-1458.00000,-1461.00000,-1482.00000,-1522.00000,-1561.00000,-1588.00000,-1602.00000,-1604.00000,-1605.00000,-1615.00000,-1640.00000,-1678.00000,-1715.00000,-1743.00000,-1763.00000,-1782.00000,-1805.00000,-1833.00000,-1862.00000,-1879.00000,-1879.00000,-1867.00000,-1852.00000,-1844.00000,-1843.00000,-1843.00000,-1835.00000,-1814.00000,-1789.00000,-1766.00000,-1753.00000,-1747.00000,-1739.00000,-1722.00000,-1694.00000,-1656.00000,-1621.00000,-1595.00000,-1580.00000,-1570.00000,-1555.00000,-1531.00000,-1504.00000,-1482.00000,-1472.00000,-1472.00000,-1476.00000,-1473.00000,-1464.00000,-1456.00000,-1463.00000,-1492.00000,-1533.00000,-1572.00000,-1596.00000,-1603.00000,-1603.00000,-1605.00000,-1619.00000,-1649.00000,-1689.00000,-1724.00000,-1750.00000,-1771.00000,-1790.00000,-1814.00000,-1842.00000,-1868.00000,-1880.00000,-1876.00000,-1863.00000,-1851.00000,-1846.00000,-1846.00000,-1844.00000,-1831.00000,-1809.00000,-1785.00000,-1764.00000,-1753.00000,-1747.00000,-1735.00000,-1714.00000,-1683.00000,-1647.00000,-1615.00000,-1594.00000,-1581.00000,-1566.00000,-1547.00000,-1522.00000,-1496.00000,-1478.00000,-1471.00000,-1474.00000,-1476.00000,-1471.00000,-1462.00000,-1459.00000,-1473.00000,-1507.00000,-1548.00000,-1581.00000,-1599.00000,-1602.00000,-1602.00000,-1609.00000,-1628.00000,-1662.00000,-1702.00000,-1734.00000,-1757.00000,-1777.00000,-1798.00000,-1824.00000,-1855.00000,-1877.00000,-1884.00000,-1875.00000,-1860.00000,-1849.00000,-1847.00000,-1850.00000,-1844.00000,-1827.00000,-1803.00000,-1779.00000,-1762.00000,-1753.00000,-1747.00000,
Data End: 
DFT Start
DFT Finished
While Start 10

2 : Input started
