int dataVec
int fftInput
DFT Start
DFT Finished

fft
(4,0)
(1,-2.41421)
(0,0)
(1,-0.414214)
(0,0)
(1,0.414214)
(0,0)
(1,2.41421)

Index,Data,Frequency,Real,Imaginary,Abs
0,1.00000,0.00000,4.00000,0.00000,4.00000
1,1.00000,4000.00000,1.00000,-2.41421,2.61312
2,1.00000,8000.00000,-0.00000,0.00000,0.00000
3,1.00000,12000.00000,1.00000,-0.41421,1.08239
4,0.00000,16000.00000,0.00000,-0.00000,0.00000
5,0.00000,20000.00000,1.00000,0.41421,1.08239
6,0.00000,24000.00000,-0.00000,0.00000,0.00000
7,0.00000,28000.00000,0.99999,2.41421,2.61312

