
DataVec

DataVec
Index,Data,Frequency,Real,Imaginary,Abs
0,1.00000,0.00000,8.00000,0.00000,8.00000
1,1.00000,4000.00000,-0.00000,0.00000,0.00000
2,1.00000,8000.00000,-0.00000,-0.00000,0.00000
3,1.00000,12000.00000,-0.00000,0.00000,0.00000
4,0.00000,16000.00000,0.00000,0.00000,0.00000
5,0.00000,20000.00000,0.00000,0.00000,0.00000
6,0.00000,24000.00000,0.00000,0.00000,0.00000
7,0.00000,28000.00000,0.00000,0.00000,0.00000

DataVec

DataVec
Index,Data,Frequency,Real,Imaginary,Abs
0,1.00000,0.00000,8.00000,0.00000,8.00000
1,1.00000,4000.00000,-0.00000,0.00000,0.00000
2,1.00000,8000.00000,-0.00000,-0.00000,0.00000
3,1.00000,12000.00000,-0.00000,0.00000,0.00000
4,0.00000,16000.00000,0.00000,0.00000,0.00000
5,0.00000,20000.00000,0.00000,0.00000,0.00000
6,0.00000,24000.00000,0.00000,0.00000,0.00000
7,0.00000,28000.00000,0.00000,0.00000,0.00000

DataVec

DataVec
Index,Data,Frequency,Real,Imaginary,Abs
0,1.00000,0.00000,8.00000,0.00000,8.00000
1,1.00000,4000.00000,-0.00000,0.00000,0.00000
2,1.00000,8000.00000,-0.00000,-0.00000,0.00000
3,1.00000,12000.00000,-0.00000,0.00000,0.00000
4,0.00000,16000.00000,0.00000,0.00000,0.00000
5,0.00000,20000.00000,0.00000,0.00000,0.00000
6,0.00000,24000.00000,0.00000,0.00000,0.00000
7,0.00000,28000.00000,0.00000,0.00000,0.00000

DataVec

DataVec
Index,Data,Frequency,Real,Imaginary,Abs
0,1.00000,0.00000,8.00000,0.00000,8.00000
1,1.00000,4000.00000,-0.00000,0.00000,0.00000
2,1.00000,8000.00000,-0.00000,-0.00000,0.00000
3,1.00000,12000.00000,-0.00000,0.00000,0.00000
4,0.00000,16000.00000,0.00000,0.00000,0.00000
5,0.00000,20000.00000,0.00000,0.00000,0.00000
6,0.00000,24000.00000,0.00000,0.00000,0.00000
7,0.00000,28000.00000,0.00000,0.00000,0.00000
